490 760.916 760.916 0 28.125 271.833 271.833 0 0 7066
1057 1202.03 441.111 0 28.1719 285.517 285.517 0 0 6
91 1581.03 379.007 0 28.1719 296.517 296.517 0 0 4
114 1931.13 350.097 0 28.1719 305.8 305.8 0 0 3
1107 2215.74 284.609 0 28.1719 387.3 387.3 0 0 23
1019 2461.96 246.216 0 28.1719 495.633 495.633 0 0 28
1769 2652.49 190.538 0 28.1719 738.883 738.883 0 0 59
156 2863.1 210.606 0 28.1719 790.283 790.283 0 0 12
762 3016.86 153.764 0 28.1719 1133.63 1133.63 0 0 75
711 3140.61 123.746 0 28.1719 1673.25 1673.25 0 0 113
747 3267.95 127.34 0 28.1719 1776.32 1776.32 0 0 21
1722 3394.87 126.921 0 28.1719 1968.02 1968.02 0 0 38
1015 3511.05 116.18 0 28.1719 2550.6 2550.6 0 0 111
514 3575.1 64.0523 0 28.1719 5505.22 5505.22 0 0 551
819 3669 93.8988 0 28.1719 5558.92 5558.92 0 0 10
356 3739.99 70.9857 0 28.1719 5575.47 5575.47 0 0 3
629 3827.53 87.54 0 28.2031 5741.38 5741.38 0 0 28
1055 3908.78 81.2546 0 28.2031 6134.77 6134.77 0 0 68
499 3991.45 82.6637 0 28.2031 6140.67 6140.67 0 0 1
1134 4059.09 67.6402 0 28.2031 6158.52 6158.52 0 0 3
1081 4117.53 58.4476 0 28.2031 7485.38 7485.38 0 0 218
590 4167.45 49.9189 0 28.2031 7522.37 7522.37 0 0 6
1161 4239.85 72.3955 0 28.2031 7584.83 7584.83 0 0 10
1991 4290.49 50.6436 0 28.2031 7749.53 7749.53 0 0 26
120 4330.68 40.1865 0 28.2031 9924.8 9924.8 0 0 337
16 4373.22 42.5418 0 28.2031 9978.55 9978.55 0 0 8
1099 4416.89 43.6705 0 28.2383 10275.7 10275.7 0 0 44
683 4454.2 37.314 0 28.2383 10522.7 10522.7 0 0 36
3 4492.14 37.932 0 28.2383 10536.7 10536.7 0 0 2
149 4533.13 40.9925 0 28.2383 10617.2 10617.2 0 0 12