0 1 1 0.000142
1 5.08 6.08 0.000860539999999999
2 16.17 22.25 0.00314888
3 45.44 67.69 0.00957969
4 117.11 184.8 0.02615345
5 238.96 423.76 0.0599717
6 351.66 775.42 0.1097396
7 367.03 1142.45 0.16168269
8 281.95 1424.4 0.20158505
9 163.87 1588.27 0.2247764
10 81.09 1669.36 0.23625252
11 37.91 1707.27 0.24161761
12 17.45 1724.72 0.2440872
13 9.75 1734.47 0.24546704
14 6.83 1741.3 0.24643365
15 4.58 1745.88 0.24708178
16 2.83 1748.71 0.24748229
17 1.37 1750.08 0.2476762
18 0.73 1750.81 0.24777951
19 0.26 1751.07 0.2478163
20 0.14 1751.21 0.24783611
21 0.09 1751.3 0.24784885
22 0.04 1751.34 0.24785451
23 0.03 1751.37 0.24785876
24 0.02 1751.39 0.24786159
25 0.02 1751.41 0.24786442
26 0 1751.41 0.24786442
