0 1 1 0.000142
1 3.96 4.96 0.00070213
2 11.76 16.72 0.00236628
3 33.86 50.58 0.00715817
4 87.78 138.36 0.01958109
5 191.62 329.98 0.04669969
6 317.54 647.52 0.09163885
7 364.6 1012.12 0.14323807
8 303.47 1315.59 0.18618596
9 195.09 1510.68 0.21379564
10 107.35 1618.03 0.22898814
11 52.56 1670.59 0.23642656
12 24.44 1695.03 0.23988538
13 10.75 1705.78 0.24140671
14 4.94 1710.72 0.24210586
15 1.97 1712.69 0.24238467
16 0.76 1713.45 0.24249223
17 0.34 1713.79 0.24254033
18 0.16 1713.95 0.24256298
19 0.07 1714.02 0.24257289
20 0 1714.02 0.24257289
