0 1 1 0.000142
1 8.37 9.37 0.0013261
2 22.19 31.56 0.00446645
3 60.01 91.57 0.01295921
4 145.55 237.12 0.03355787
5 282.99 520.11 0.07360741
6 387.38 907.49 0.12843043
7 369.06 1276.55 0.18066089
8 249.22 1525.77 0.21593128
9 134.91 1660.68 0.23502405
10 65.93 1726.61 0.24435464
11 30.18 1756.79 0.24862579
12 13.55 1770.34 0.25054348
13 5.8 1776.14 0.25136432
14 2.44 1778.58 0.25170962
15 1 1779.58 0.2518511
16 0.6 1780.18 0.25193602
17 0.26 1780.44 0.2519728
18 0.08 1780.52 0.25198413
19 0.01 1780.53 0.25198555
