0 1 1 0.000142
1 3.08 4.08 0.00057759
2 12.25 16.33 0.00231113
3 35.6 51.93 0.00734927
4 92.08 144.01 0.02038072
5 194.33 338.34 0.04788287
6 307.71 646.05 0.09143083
7 348.71 994.76 0.14078124
8 290.37 1285.13 0.18187518
9 193.9 1479.03 0.2093165
10 109.98 1589.01 0.22488121
11 57.44 1646.45 0.23301025
12 28.25 1674.7 0.23700828
13 12.69 1687.39 0.23880418
14 5.4 1692.79 0.23956843
15 2.41 1695.2 0.23990947
16 1.2 1696.4 0.24007929
17 0.48 1696.88 0.24014725
18 0.26 1697.14 0.24018405
19 0.14 1697.28 0.24020386
20 0.05 1697.33 0.24021093
21 0.02 1697.35 0.24021376
22 0 1697.35 0.24021376
