0 1 1 0.000142
1 3.42 4.42 0.0006257
2 11.23 15.65 0.00221486
3 33.43 49.08 0.00694595
4 87.78 136.86 0.01936888
5 190.11 326.97 0.04627369
6 301.62 628.59 0.0889598099999999
7 349.04 977.63 0.13835697
8 299.6 1277.23 0.18075717
9 201.52 1478.75 0.20927682
10 113.11 1591.86 0.22528448
11 57.97 1649.83 0.23348855
12 25.99 1675.82 0.23716668
13 11.44 1687.26 0.23878574
14 5.2 1692.46 0.23952169
15 2.37 1694.83 0.2398571
16 1.18 1696.01 0.24002408
17 0.49 1696.5 0.24009341
18 0.14 1696.64 0.24011323
19 0.08 1696.72 0.24012456
20 0.01 1696.73 0.24012597
21 0.02 1696.75 0.2401288
