0 1 1 0.000142
1 2.76 3.76 0.00053229
2 10.14 13.9 0.00196725
3 28.16 42.06 0.00595251
4 73.73 115.79 0.01638696
5 163.25 279.04 0.0394906
6 267.89 546.93 0.07740306
7 314.63 861.56 0.12193043
8 263.12 1124.68 0.15916789
9 168.23 1292.91 0.18297623
10 91.34 1384.25 0.195903
11 44.41 1428.66 0.20218801
12 21.49 1450.15 0.2052293
13 12.65 1462.8 0.20701956
14 8.35 1471.15 0.20820127
15 5.19 1476.34 0.20893581
16 2.84 1479.18 0.20933775
17 1.47 1480.65 0.20954578
18 0.58 1481.23 0.20962789
19 0.36 1481.59 0.20967883
20 0.13 1481.72 0.20969723
21 0.04 1481.76 0.20970289
22 0.02 1481.78 0.20970572
