0 1 1 0.000142
1 3.08 4.08 0.00057756
2 10.1 14.18 0.00200685
3 28.96 43.14 0.00610534
4 78.84 121.98 0.01726294
5 179.36 301.34 0.04264651
6 300.99 602.33 0.08524343
7 351.92 954.25 0.13504812
8 295.73 1249.98 0.17690065
9 196.13 1446.11 0.20465749
10 110.66 1556.77 0.22031838
11 55.73 1612.5 0.22820552
12 26.31 1638.81 0.231929
13 11.44 1650.25 0.23354798
14 4.99 1655.24 0.23425414
15 2.26 1657.5 0.23457403
16 0.79 1658.29 0.23468583
17 0.35 1658.64 0.23473536
18 0.13 1658.77 0.23475376
19 0.07 1658.84 0.23476366
20 0.03 1658.87 0.23476791
