0 1 1 0.000142
1 7.33 8.33 0.00117898
2 19.68 28.01 0.00396411
3 52.51 80.52 0.0113954
4 134.65 215.17 0.03045141
5 269.21 484.38 0.06855083
6 380.17 864.55 0.12235355
7 357.41 1221.96 0.17293513
8 244.63 1466.59 0.20755588
9 138.4 1604.99 0.22714266
10 73.2 1678.19 0.23750218
11 38.64 1716.83 0.24297052
12 18.83 1735.66 0.24563541
13 9.04 1744.7 0.2469148
14 4.38 1749.08 0.24753464
15 2.06 1751.14 0.24782619
16 0.88 1752.02 0.24795075
17 0.31 1752.33 0.24799461
18 0.13 1752.46 0.24801301
19 0.05 1752.51 0.24802008
20 0.05 1752.56 0.24802716
21 0.01 1752.57 0.24802858
22 0 1752.57 0.24802858
