0 1 1 0.000142
1 4.39 5.39 0.00076289
2 12.9 18.29 0.00258847
3 40.35 58.64 0.00829891
4 104.24 162.88 0.02305121
5 218.48 381.36 0.05397109
6 341.31 722.67 0.10227427
7 365.49 1088.16 0.15399942
8 285.93 1374.09 0.19446506
9 177.53 1551.62 0.21958958
10 97.53 1649.15 0.23339229
11 52.91 1702.06 0.24088027
12 25.69 1727.75 0.24451601
13 12.15 1739.9 0.24623553
14 5.63 1745.53 0.24703232
15 2.41 1747.94 0.24737336
16 0.93 1748.87 0.24750499
17 0.34 1749.21 0.24755311
18 0.09 1749.3 0.24756582
19 0.06 1749.36 0.24757431
20 0.04 1749.4 0.24757998
21 0 1749.4 0.24757998
