0 1 1 0.000142
1 10.09 11.09 0.00156951
2 27.53 38.62 0.00546565
3 77.74 116.36 0.01646761
4 180.53 296.89 0.04201672
5 324.93 621.82 0.08800173
6 402.22 1024.04 0.14492502
7 341.39 1365.43 0.19323941
8 216.45 1581.88 0.22387208
9 112.04 1693.92 0.23972827
10 54.31 1748.23 0.24741435
11 24.55 1772.78 0.25088879
12 10.38 1783.16 0.25235779
13 4.91 1788.07 0.25305267
14 2.02 1790.09 0.25333853
15 0.93 1791.02 0.25347016
16 0.38 1791.4 0.25352392
17 0.23 1791.63 0.2535565
18 0.03 1791.66 0.25356074
19 0.06 1791.72 0.25356923
20 0.02 1791.74 0.25357206
21 0.01 1791.75 0.25357347
22 0 1791.75 0.25357347
