0 1 1 0.000142
1 7.4 8.4 0.00118883
2 20.69 29.09 0.00411693
3 58.23 87.32 0.01235776
4 141.52 228.84 0.03238614
5 275.82 504.66 0.07142087
6 378.92 883.58 0.12504674
7 357.56 1241.14 0.17564963
8 250.86 1492 0.21115198
9 141.23 1633.23 0.23113923
10 74.45 1707.68 0.24167563
11 37.12 1744.8 0.24692898
12 18.15 1762.95 0.24949757
13 8.92 1771.87 0.25075997
14 3.83 1775.7 0.25130201
15 2.04 1777.74 0.25159076
16 1 1778.74 0.25173224
17 0.47 1779.21 0.25179874
18 0.11 1779.32 0.2518143
19 0.01 1779.33 0.25181572
20 0 1779.33 0.25181572
