0 1 1 0.000142
1 5.58 6.58 0.0009313
2 16.59 23.17 0.00327908
3 48.44 71.61 0.01013446
4 122.22 193.83 0.02743136
5 249.05 442.88 0.06267762
6 357.23 800.11 0.11323378
7 362.8 1162.91 0.16457831
8 269.77 1432.68 0.20275684
9 159.24 1591.92 0.22529297
10 81.37 1673.29 0.23680867
11 40.82 1714.11 0.24258561
12 18.69 1732.8 0.24523067
13 8.61 1741.41 0.24644923
14 3.93 1745.34 0.24700539
15 1.69 1747.03 0.24724452
16 0.63 1747.66 0.24733365
17 0.28 1747.94 0.24737327
18 0.1 1748.04 0.24738742
19 0.04 1748.08 0.24739308
20 0 1748.08 0.24739308
