0 1 1 0.000142
1 2.81 3.81 0.00053934
2 9.91 13.72 0.00194176
3 26.81 40.53 0.00573593
4 73.83 114.36 0.01618457
5 166.47 280.83 0.03974387
6 287.77 568.6 0.0804699
7 346.77 915.37 0.12954576
8 304.86 1220.23 0.17269035
9 210.74 1430.97 0.20251487
10 121.26 1552.23 0.21967589
11 62.67 1614.9 0.22854516
12 33.17 1648.07 0.23323946
13 16.49 1664.56 0.23557314
14 7.99 1672.55 0.23670391
15 3.35 1675.9 0.23717803
16 1.59 1677.49 0.23740309
17 0.68 1678.17 0.23749933
18 0.26 1678.43 0.23753611
19 0.14 1678.57 0.23755593
20 0.08 1678.65 0.23756725
21 0.01 1678.66 0.23756866
22 0 1678.66 0.23756866
