0 1 1 0.000142
1 1.95 2.95 0.00041762
2 6.71 9.66 0.00136719
3 19.09 28.75 0.00406889
4 52.3 81.05 0.01147052
5 120.67 201.72 0.02854807
6 220.25 421.97 0.05971846
7 287.03 709 0.1003397
8 271.69 980.69 0.13879008
9 197.22 1177.91 0.16670116
10 115.19 1293.1 0.18300316
11 59.9 1353 0.19148039
12 30.48 1383.48 0.19579398
13 13.59 1397.07 0.1977173
14 6.02 1403.09 0.19856927
15 2.82 1405.91 0.19896833
16 0.98 1406.89 0.19910703
17 0.37 1407.26 0.19915941
18 0.11 1407.37 0.19917496
19 0.06 1407.43 0.19918345
20 0.04 1407.47 0.19918911
21 0.02 1407.49 0.19919194
