0 1 1 0.000142
1 4.54 5.54 0.00078414
2 12.55 18.09 0.00256011
3 39.63 57.72 0.00816872
4 100.32 158.04 0.02236631
5 220.42 378.46 0.05356068
6 350.01 728.47 0.10309512
7 385.76 1114.23 0.15768894
8 299.06 1413.29 0.20001276
9 183.79 1597.08 0.22602323
10 92.96 1690.04 0.23917914
11 44.28 1734.32 0.24544581
12 19.49 1753.81 0.24820407
13 8.77 1762.58 0.24944522
14 3.82 1766.4 0.24998588
15 1.52 1767.92 0.25020093
16 0.57 1768.49 0.25028158
17 0.21 1768.7 0.2503113
18 0.1 1768.8 0.25032544
19 0.02 1768.82 0.25032828
20 0.02 1768.84 0.25033112
