0 1 1 0.000142
1 3.47 4.47 0.00063277
2 11.06 15.53 0.00219789
3 29.47 45 0.00636858
4 78.8 123.8 0.01752056
5 173 296.8 0.04200403
6 288.61 585.41 0.08284891
7 334.33 919.74 0.13016417
8 284.15 1203.89 0.17037791
9 183.21 1387.1 0.19630624
10 98.84 1485.94 0.21029444
11 47 1532.94 0.21694594
12 21.34 1554.28 0.21996606
13 9.38 1563.66 0.22129356
14 4.37 1568.03 0.22191199
15 1.88 1569.91 0.22217805
16 0.67 1570.58 0.22227287
17 0.31 1570.89 0.22231676
18 0.13 1571.02 0.22233515
19 0.03 1571.05 0.2223394
20 0.03 1571.08 0.22234364
21 0 1571.08 0.22234364
