0 1 1 0.000142
1 5.32 6.32 0.00089449
2 13.65 19.97 0.00282622
3 39.76 59.73 0.00845324
4 105.82 165.55 0.0234291
5 224.07 389.62 0.05514012
6 344.41 734.03 0.10388192
7 367.94 1101.97 0.15595384
8 281.72 1383.69 0.19582365
9 172.11 1555.8 0.22018114
10 92.31 1648.11 0.23324512
11 45.96 1694.07 0.23974953
12 19.74 1713.81 0.24254322
13 9.06 1722.87 0.24382536
14 4.18 1727.05 0.24441694
15 2.09 1729.14 0.24471263
16 0.78 1729.92 0.24482304
17 0.36 1730.28 0.24487396
18 0.17 1730.45 0.24489803
19 0.05 1730.5 0.2449051
20 0.03 1730.53 0.24490936
21 0.04 1730.57 0.24491501
22 0.01 1730.58 0.24491643
23 0 1730.58 0.24491643
