0 1 1 0.000142
1 5.11 6.11 0.00086481
2 18.24 24.35 0.00344615
3 52.32 76.67 0.0108506
4 133.39 210.06 0.02972827
5 262.34 472.4 0.0668553
6 369.68 842.08 0.1191735
7 360.7 1202.78 0.17022076
8 255.19 1457.97 0.20633599
9 147.13 1605.1 0.22715822
10 75.22 1680.32 0.23780357
11 36.35 1716.67 0.24294797
12 19.19 1735.86 0.24566372
13 9.33 1745.19 0.24698415
14 4 1749.19 0.2475502
15 1.71 1750.9 0.2477922
16 0.77 1751.67 0.24790119
17 0.42 1752.09 0.24796064
18 0.18 1752.27 0.24798611
19 0.12 1752.39 0.24800308
20 0.02 1752.41 0.24800591
21 0 1752.41 0.24800591
