0 1 1 0.000142
1 5.37 6.37 0.00090162
2 15.53 21.9 0.00309937
3 44.3 66.2 0.00936885
4 115.02 181.22 0.02564683
5 239.05 420.27 0.05947778
6 356.22 776.49 0.10989103
7 358.09 1134.58 0.16056896
8 264.57 1399.15 0.19801155
9 157.45 1556.6 0.22029432
10 81.78 1638.38 0.23186812
11 42.51 1680.89 0.23788427
12 23.27 1704.16 0.24117751
13 13.4 1717.56 0.24307389
14 7.76 1725.32 0.24417207
15 3.46 1728.78 0.24466176
16 1.63 1730.41 0.24489244
17 0.69 1731.1 0.2449901
18 0.27 1731.37 0.2450283
19 0.13 1731.5 0.24504669
20 0.06 1731.56 0.24505518
21 0.09 1731.65 0.24506791
22 0.01 1731.66 0.24506933
