0 1 1 0.000142
1 1.97 2.97 0.00042052
2 8.26 11.23 0.00158943
3 23.45 34.68 0.00490805
4 63.23 97.91 0.01385658
5 138.57 236.48 0.03346738
6 238.97 475.45 0.06728707
7 290.31 765.76 0.10837258
8 259.2 1024.96 0.14505526
9 189.79 1214.75 0.17191485
10 120 1334.75 0.18889763
11 71.83 1406.58 0.19906322
12 39.16 1445.74 0.20460523
13 19.92 1465.66 0.20742434
14 9.49 1475.15 0.20876745
15 4.29 1479.44 0.20937452
16 2 1481.44 0.20965755
17 0.87 1482.31 0.20978071
18 0.27 1482.58 0.20981889
19 0.11 1482.69 0.20983448
20 0.04 1482.73 0.20984013
21 0.02 1482.75 0.20984296
22 0 1482.75 0.20984296
