0 1 1 0.000142
1 6.52 7.52 0.00106436
2 18.4 25.92 0.00366825
3 51.68 77.6 0.01098219
4 126.23 203.83 0.02884662
5 257.25 461.08 0.06525333
6 372.3 833.38 0.1179423
7 377.47 1210.85 0.17136284
8 276.05 1486.9 0.21043019
9 157.7 1644.6 0.23274835
10 79.56 1724.16 0.24400795
11 34.71 1758.87 0.2489202
12 15.86 1774.73 0.25116473
13 6.62 1781.35 0.25210166
14 2.96 1784.31 0.25252053
15 1.43 1785.74 0.25272284
16 0.79 1786.53 0.25283467
17 0.28 1786.81 0.25287429
18 0.11 1786.92 0.25288987
19 0 1786.92 0.25288987
20 0.01 1786.93 0.25289128
