0 1 1 0.000142
1 5.35 6.35 0.00089878
2 15.74 22.09 0.00312628
3 48.76 70.85 0.01002684
4 121.66 192.51 0.02724455
5 254.03 446.54 0.0631956
6 374.69 821.23 0.11622275
7 378.35 1199.58 0.16976789
8 269.35 1468.93 0.20788711
9 156.12 1625.05 0.22998163
10 79.74 1704.79 0.2412666
11 37.82 1742.61 0.2466191
12 16.87 1759.48 0.2490065
13 7.31 1766.79 0.25004102
14 3.15 1769.94 0.25048681
15 1.35 1771.29 0.25067787
16 0.54 1771.83 0.25075427
17 0.23 1772.06 0.25078683
18 0.08 1772.14 0.25079815
19 0.05 1772.19 0.25080523
20 0 1772.19 0.25080523
