0 1 1 0.000142
1 6.27 7.27 0.00102894
2 15.33 22.6 0.00319843
3 43.9 66.5 0.0094113
4 110.92 177.42 0.02510897
5 229.57 406.99 0.05759836
6 349.91 756.9 0.10711864
7 368.96 1125.86 0.15933489
8 279.87 1405.73 0.19894288
9 169.82 1575.55 0.22297627
10 86.27 1661.82 0.2351854
11 39.58 1701.4 0.24078689
12 17.12 1718.52 0.24320975
13 7.26 1725.78 0.24423728
14 3.17 1728.95 0.24468583
15 1.32 1730.27 0.24487269
16 0.59 1730.86 0.24495617
17 0.25 1731.11 0.24499155
18 0.1 1731.21 0.24500569
19 0.03 1731.24 0.24500994
20 0.02 1731.26 0.24501278
