0 1 1 0.000142
1 4.64 5.64 0.00079834
2 14.46 20.1 0.00284462
3 39.92 60.02 0.00849419
4 105.57 165.59 0.02343474
5 224.32 389.91 0.05518116
6 345.57 735.48 0.1040872
7 372.16 1107.64 0.15675626
8 288.52 1396.16 0.19758845
9 179.77 1575.93 0.22303001
10 96.64 1672.57 0.23670678
11 47.94 1720.51 0.24349133
12 23.22 1743.73 0.2467775
13 9.73 1753.46 0.24815454
14 4.28 1757.74 0.24876023
15 1.84 1759.58 0.24902065
16 0.91 1760.49 0.24914943
17 0.36 1760.85 0.24920042
18 0.15 1761 0.24922163
19 0.07 1761.07 0.24923154
20 0.03 1761.1 0.24923578
