0 1 1 0.000142
1 4.12 5.12 0.00072474
2 12.72 17.84 0.00252478
3 34.36 52.2 0.00738751
4 92.51 144.71 0.02047983
5 196.5 341.21 0.04828899
6 306.59 647.8 0.09167848
7 337.4 985.2 0.13942829
8 274.14 1259.34 0.17822533
9 178.97 1438.31 0.20355364
10 101.25 1539.56 0.21788284
11 51.02 1590.58 0.2251033
12 26.46 1617.04 0.22884801
13 14.16 1631.2 0.23085195
14 7.71 1638.91 0.23194313
15 4.32 1643.23 0.2325545
16 1.8 1645.03 0.23280918
17 0.67 1645.7 0.23290402
18 0.19 1645.89 0.23293088
19 0.09 1645.98 0.23294362
20 0.09 1646.07 0.23295636
21 0.04 1646.11 0.23296203
22 0.03 1646.14 0.23296628
23 0 1646.14 0.23296628
