0 1 1 0.000142
1 2.96 3.96 0.00056059
2 9.83 13.79 0.00195167
3 27.73 41.52 0.00587608
4 77.56 119.08 0.01685255
5 174.02 293.1 0.04148033
6 292.03 585.13 0.08280927
7 342.48 927.61 0.131278
8 295.26 1222.87 0.173064
9 199.79 1422.66 0.20133885
10 114.88 1537.54 0.21759701
11 57.09 1594.63 0.22567652
12 26.65 1621.28 0.22944811
13 11.42 1632.7 0.23106428
14 4.62 1637.32 0.2317181
15 2.09 1639.41 0.23201385
16 0.87 1640.28 0.23213695
17 0.35 1640.63 0.23218648
18 0.17 1640.8 0.23221053
19 0.04 1640.84 0.23221618
20 0.04 1640.88 0.23222184
