0 1 1 0.000142
1 7.89 8.89 0.00125821
2 19.43 28.32 0.00400794
3 59.23 87.55 0.01239034
4 145.86 233.41 0.03303283
5 291.7 525.11 0.07431503
6 399.86 924.97 0.13090434
7 365.72 1290.69 0.18266205
8 242.72 1533.41 0.21701248
9 133.6 1667.01 0.23591994
10 63.45 1730.46 0.24489952
11 28.76 1759.22 0.24896974
12 13.5 1772.72 0.25088028
13 5.72 1778.44 0.25168977
14 2.83 1781.27 0.25209026
15 1.18 1782.45 0.2522573
16 0.54 1782.99 0.25233371
17 0.26 1783.25 0.25237049
18 0.09 1783.34 0.25238325
19 0.02 1783.36 0.25238608
20 0 1783.36 0.25238608
