0 1 1 0.000142
1 5.28 6.28 0.00088888
2 15.94 22.22 0.00314464
3 45.85 68.07 0.00963349
4 119.79 187.86 0.02658653
5 245.89 433.75 0.06138551
6 363.54 797.29 0.11283473
7 366.22 1163.51 0.16466321
8 266.06 1429.57 0.20231673
9 154.97 1584.54 0.22424852
10 78.94 1663.48 0.23542031
11 37.52 1701 0.24073027
12 16.45 1717.45 0.2430583
13 7.69 1725.14 0.24414661
14 3.47 1728.61 0.2446377
15 1.53 1730.14 0.24485425
16 0.69 1730.83 0.2449519
17 0.42 1731.25 0.24501132
18 0.2 1731.45 0.24503966
19 0.14 1731.59 0.24505947
20 0.06 1731.65 0.24506797
21 0.06 1731.71 0.24507646
22 0.01 1731.72 0.24507787
