0 1 1 0.000142
1 4.83 5.83 0.00082523
2 13.4 19.23 0.00272149
3 39.68 58.91 0.00833712
4 102.28 161.19 0.02281207
5 218.89 380.08 0.05379002
6 338.09 718.17 0.10163746
7 365.49 1083.66 0.15336256
8 286.49 1370.15 0.19390744
9 180.7 1550.85 0.21948061
10 100.65 1651.5 0.23372488
11 51.88 1703.38 0.24106709
12 26.39 1729.77 0.2448019
13 11.67 1741.44 0.24645344
14 5.12 1746.56 0.24717802
15 2.3 1748.86 0.24750357
16 0.8 1749.66 0.24761678
17 0.45 1750.11 0.24768043
18 0.2 1750.31 0.24770876
19 0.1 1750.41 0.2477229
20 0.01 1750.42 0.24772432
21 0 1750.42 0.24772432
