0 1 1 0.000142
1 3.26 4.26 0.00060307
2 11.09 15.35 0.00217238
3 32.6 47.95 0.00678603
4 83.87 131.82 0.01865553
5 183.24 315.06 0.04458816
6 297.9 612.96 0.08674785
7 347.14 960.1 0.13587604
8 294.06 1254.16 0.17749225
9 198.56 1452.72 0.205593
10 113.92 1566.64 0.22171531
11 58.32 1624.96 0.2299689
12 28.59 1653.55 0.23401501
13 13.39 1666.94 0.23591002
14 5.85 1672.79 0.23673789
15 2.79 1675.58 0.23713276
16 1.3 1676.88 0.23731674
17 0.47 1677.35 0.23738326
18 0.15 1677.5 0.23740449
19 0.08 1677.58 0.2374158
20 0.07 1677.65 0.23742571
21 0.06 1677.71 0.2374342
22 0.04 1677.75 0.23743986
23 0.01 1677.76 0.23744128
24 0 1677.76 0.23744128
