0 1 1 0.000142
1 5.63 6.63 0.00093842
2 14.52 21.15 0.00299322
3 39.95 61.1 0.00864706
4 103.62 164.72 0.02331161
5 217.79 382.51 0.05413392
6 338.26 720.77 0.10200541
7 369.87 1090.64 0.15435039
8 295.46 1386.1 0.19616475
9 186.28 1572.38 0.22252756
10 102.87 1675.25 0.23708607
11 49.93 1725.18 0.24415226
12 23.58 1748.76 0.24748937
13 10.82 1759.58 0.24902067
14 4.72 1764.3 0.24968863
15 1.9 1766.2 0.24995753
16 0.72 1766.92 0.25005948
17 0.36 1767.28 0.25011044
18 0.14 1767.42 0.25013023
19 0.05 1767.47 0.25013731
20 0.03 1767.5 0.25014156
21 0.01 1767.51 0.25014297
