0 1 1 0.000142
1 14.06 15.06 0.00213129
2 35.75 50.81 0.0071908
3 98.86 149.67 0.02118175
4 218.86 368.53 0.05215544
5 364.54 733.07 0.1037461
6 406.18 1139.25 0.16122981
7 311.63 1450.88 0.20533254
8 177.06 1627.94 0.23039058
9 86.12 1714.06 0.24257859
10 39.74 1753.8 0.24820264
11 18.15 1771.95 0.25077135
12 7.66 1779.61 0.25185533
13 3.12 1782.73 0.2522969
14 1.37 1784.1 0.25249079
15 0.76 1784.86 0.25259834
16 0.2 1785.06 0.25262665
17 0.06 1785.12 0.25263514
18 0.01 1785.13 0.25263655
19 0 1785.13 0.25263655
