0 1 1 0.000142
1 6.07 7.07 0.00100066
2 15.64 22.71 0.00321393
3 48.55 71.26 0.01008494
4 123.6 194.86 0.02757709
5 259.26 454.12 0.06426829
6 384.88 839 0.11873764
7 386.85 1225.85 0.17348571
8 274.03 1499.88 0.21226719
9 152.56 1652.44 0.23385792
10 74.6 1727.04 0.24441547
11 32.91 1759.95 0.24907301
12 15.33 1775.28 0.25124257
13 6.49 1781.77 0.25216108
14 3.04 1784.81 0.25259127
15 1.26 1786.07 0.25276961
16 0.59 1786.66 0.2528531
17 0.24 1786.9 0.25288707
18 0.15 1787.05 0.2529083
19 0.04 1787.09 0.25291397
20 0 1787.09 0.25291397
