0 1 1 0.000142
1 3.52 4.52 0.00063987
2 11.97 16.49 0.00233373
3 34.58 51.07 0.00722759
4 91.62 142.69 0.02019391
5 196.98 339.67 0.0480711
6 318.87 658.54 0.09319844
7 354.32 1012.86 0.14334277
8 288.93 1301.79 0.18423292
9 185.84 1487.63 0.21053355
10 104.18 1591.81 0.22527744
11 55.55 1647.36 0.23313895
12 28.26 1675.62 0.23713841
13 13.53 1689.15 0.23905326
14 6.15 1695.3 0.23992355
15 2.53 1697.83 0.24028167
16 1.03 1698.86 0.2404274
17 0.39 1699.25 0.24048262
18 0.2 1699.45 0.2405109
19 0.09 1699.54 0.24052365
20 0.02 1699.56 0.24052648
21 0.02 1699.58 0.24052931
22 0.01 1699.59 0.24053072
23 0.01 1699.6 0.24053214
