0 1 1 0.000142
1 4.72 5.72 0.0008096
2 15.31 21.03 0.00297625
3 40.98 62.01 0.00877586
4 109.45 171.46 0.02426548
5 225.58 397.04 0.05619019
6 344.89 741.93 0.105
7 375.14 1117.07 0.15809089
8 294.75 1411.82 0.19980475
9 176.59 1588.41 0.22479621
10 89.66 1678.07 0.23748513
11 43.5 1721.57 0.24364141
12 20.66 1742.23 0.24656529
13 11.76 1753.99 0.24822952
14 6.67 1760.66 0.24917353
15 2.81 1763.47 0.24957118
16 1.22 1764.69 0.24974386
17 0.6 1765.29 0.24982873
18 0.19 1765.48 0.24985562
19 0.06 1765.54 0.24986412
20 0.06 1765.6 0.2498726
21 0.01 1765.61 0.24987402
22 0.01 1765.62 0.24987544
23 0 1765.62 0.24987544
