0 1 1 0.000142
1 3.17 4.17 0.00059033
2 11.37 15.54 0.00219929
3 32.37 47.91 0.00678037
4 83.26 131.17 0.01856356
5 178.29 309.46 0.04379567
6 293.72 603.18 0.08536372
7 347.97 951.15 0.13460938
8 301.48 1252.63 0.17727565
9 201.55 1454.18 0.20579966
10 116.93 1571.11 0.22234787
11 58.88 1629.99 0.23068072
12 27.98 1657.97 0.23464055
13 12.84 1670.81 0.23645772
14 5.2 1676.01 0.23719359
15 2.36 1678.37 0.23752756
16 0.99 1679.36 0.23766771
17 0.33 1679.69 0.23771443
18 0.25 1679.94 0.2377498
19 0.07 1680.01 0.23775971
20 0 1680.01 0.23775971
