0 1 1 0.000142
1 8.31 9.31 0.00131762
2 23.66 32.97 0.00466604
3 66.72 99.69 0.0141084
4 161.38 261.07 0.03694737
5 307.1 568.17 0.08040899
6 404.32 972.49 0.13762952
7 356.69 1329.18 0.18810928
8 230.07 1559.25 0.22066941
9 120.64 1679.89 0.23774273
10 58.29 1738.18 0.24599209
11 25.34 1763.52 0.24957829
12 11.09 1774.61 0.25114774
13 4.73 1779.34 0.25181718
14 1.98 1781.32 0.25209735
15 0.81 1782.13 0.25221198
16 0.35 1782.48 0.25226153
17 0.1 1782.58 0.25227568
18 0.05 1782.63 0.25228276
19 0.02 1782.65 0.2522856
20 0.01 1782.66 0.25228701
21 0 1782.66 0.25228701
