0 1 1 0.000142
1 5.61 6.61 0.00093556
2 14.46 21.07 0.00298184
3 43.58 64.65 0.00914942
4 110.5 175.15 0.02478769
5 232.03 407.18 0.05762526
6 357.81 764.99 0.10826351
7 376.68 1141.67 0.16157233
8 284.75 1426.42 0.20187093
9 171.7 1598.12 0.22617034
10 93.54 1691.66 0.23940842
11 47.03 1738.69 0.24606426
12 23.46 1762.15 0.24938438
13 10.89 1773.04 0.25092557
14 4.84 1777.88 0.25161053
15 2.19 1780.07 0.25192045
16 0.9 1780.97 0.2520478
17 0.55 1781.52 0.25212564
18 0.21 1781.73 0.25215535
19 0.04 1781.77 0.25216101
20 0.01 1781.78 0.25216242
21 0 1781.78 0.25216242
