0 1 1 0.000142
1 7.87 8.87 0.00125534
2 20.7 29.57 0.00418484
3 60.48 90.05 0.01274411
4 147.24 237.29 0.03358196
5 285.08 522.37 0.07392728
6 387.27 909.64 0.12873481
7 360.15 1269.79 0.17970423
8 250.1 1519.89 0.21509909
9 141.09 1660.98 0.2350665
10 69.43 1730.41 0.24489247
11 32.44 1762.85 0.24948344
12 14.89 1777.74 0.25159068
13 6.04 1783.78 0.2524455
14 2.6 1786.38 0.25281345
15 1.05 1787.43 0.25296203
16 0.53 1787.96 0.25303703
17 0.16 1788.12 0.25305967
18 0.05 1788.17 0.25306674
19 0.03 1788.2 0.25307098
20 0.03 1788.23 0.25307524
