0 1 1 0.000142
1 15.28 16.28 0.00230393
2 37.74 54.02 0.00764509
3 101.64 155.66 0.02202948
4 226.33 381.99 0.05406031
5 371.84 753.83 0.10668409
6 409.09 1162.92 0.16457971
7 304.59 1467.51 0.20768606
8 171.85 1639.36 0.23200671
9 82.97 1722.33 0.24374895
10 37.32 1759.65 0.2490306
11 16.31 1775.96 0.25133881
12 7.5 1783.46 0.25240021
13 3.41 1786.87 0.25288281
14 1.81 1788.68 0.25313894
15 0.76 1789.44 0.25324648
16 0.44 1789.88 0.25330877
17 0.22 1790.1 0.25333993
18 0.08 1790.18 0.25335124
19 0.05 1790.23 0.25335832
20 0.02 1790.25 0.25336116
21 0.01 1790.26 0.25336257
22 0.02 1790.28 0.2533654
