0 1 1 0.000142
1 4.11 5.11 0.0007233
2 10.18 15.29 0.00216395
3 27.94 43.23 0.0061181
4 76.13 119.36 0.01689218
5 173.41 292.77 0.0414336
6 294.73 587.5 0.08314462
7 358.13 945.63 0.13382822
8 306.65 1252.28 0.17722618
9 207.47 1459.75 0.20658789
10 121.16 1580.91 0.22373482
11 63.32 1644.23 0.23269602
12 31.36 1675.59 0.23713421
13 14.33 1689.92 0.23916219
14 6.3 1696.22 0.24005379
15 2.61 1698.83 0.24042313
16 1.02 1699.85 0.24056749
17 0.48 1700.33 0.24063543
18 0.23 1700.56 0.24066799
19 0.09 1700.65 0.24068074
20 0.03 1700.68 0.24068499
21 0.01 1700.69 0.2406864
