0 1 1 0.000142
1 8.59 9.59 0.0013572
2 21.7 31.29 0.00442826
3 64.12 95.41 0.01350271
4 154.79 250.2 0.03540902
5 296.91 547.11 0.07742857
6 397.16 944.27 0.13363574
7 361.16 1305.43 0.18474804
8 242.25 1547.68 0.219032
9 128.65 1676.33 0.23723889
10 61.86 1738.19 0.24599346
11 27.68 1765.87 0.24991085
12 12.19 1778.06 0.251636
13 5.42 1783.48 0.2524031
14 2.28 1785.76 0.25272575
15 1.09 1786.85 0.25288
16 0.5 1787.35 0.25295076
17 0.2 1787.55 0.25297903
18 0.1 1787.65 0.25299319
19 0.02 1787.67 0.25299603
20 0.02 1787.69 0.25299886
21 0 1787.69 0.25299886
