0 1 1 0.000142
1 3.37 4.37 0.00061857
2 13.29 17.66 0.00249934
3 35.66 53.32 0.00754608
4 93.93 147.25 0.02083927
5 199.54 346.79 0.04907868
6 312.32 659.11 0.09327911
7 343.55 1002.66 0.14189924
8 278.04 1280.7 0.18124827
9 179.66 1460.36 0.20667424
10 99.83 1560.19 0.22080245
11 52.46 1612.65 0.22822675
12 25.91 1638.56 0.23189359
13 11.31 1649.87 0.23349426
14 5.3 1655.17 0.23424431
15 2.68 1657.85 0.23462358
16 1.18 1659.03 0.23479063
17 0.45 1659.48 0.23485428
18 0.22 1659.7 0.23488543
19 0.05 1659.75 0.23489251
20 0.03 1659.78 0.23489676
21 0 1659.78 0.23489676
