0 1 1 0.000142
1 7.06 8.06 0.00114075
2 16.57 24.63 0.00348571
3 54.09 78.72 0.01114074
4 126.46 205.18 0.02903761
5 258.48 463.66 0.06561848
6 371.94 835.6 0.11825647
7 376.15 1211.75 0.17149025
8 272.4 1484.15 0.21004102
9 156.27 1640.42 0.23215681
10 78.4 1718.82 0.24325222
11 35.71 1754.53 0.248306
12 16.22 1770.75 0.25060151
13 7.2 1777.95 0.25162047
14 3.36 1781.31 0.25209599
15 1.51 1782.82 0.25230964
16 0.65 1783.47 0.25240165
17 0.28 1783.75 0.25244128
18 0.21 1783.96 0.252471
19 0.03 1783.99 0.25247525
20 0.04 1784.03 0.25248091
21 0.03 1784.06 0.25248515
22 0 1784.06 0.25248515
