0 1 1 0.000142
1 3.93 4.93 0.00069786
2 12.47 17.4 0.0024625
3 34.82 52.22 0.00739034
4 91.86 144.08 0.02039062
5 195.12 339.2 0.04800451
6 315.75 654.95 0.09269035
7 367.61 1022.56 0.14471556
8 303.84 1326.4 0.1877158
9 201.51 1527.91 0.21623408
10 111.81 1639.72 0.23205776
11 56.46 1696.18 0.24004816
12 27.4 1723.58 0.24392586
13 14.36 1737.94 0.24595811
14 7.37 1745.31 0.24700115
15 3.61 1748.92 0.24751206
16 1.43 1750.35 0.24771444
17 0.6 1750.95 0.24779936
18 0.22 1751.17 0.24783048
19 0.1 1751.27 0.24784463
20 0.1 1751.37 0.24785879
21 0.04 1751.41 0.24786445
22 0.01 1751.42 0.24786586
23 0.01 1751.43 0.24786728
24 0 1751.43 0.24786728
