0 1 1 0.000142
1 3.9 4.9 0.00069361
2 11.49 16.39 0.00231959
3 33.43 49.82 0.00705066
4 87.25 137.07 0.01939856
5 186.55 323.62 0.04579961
6 301.35 624.97 0.08844749
7 345.45 970.42 0.13733653
8 298.06 1268.48 0.17951884
9 205.98 1474.46 0.20866967
10 119.69 1594.15 0.22560853
11 62.98 1657.13 0.23452166
12 32.66 1689.79 0.23914382
13 15.34 1705.13 0.24131476
14 6.85 1711.98 0.24228412
15 3.1 1715.08 0.24272286
16 1.48 1716.56 0.24293232
17 0.64 1717.2 0.24302289
18 0.26 1717.46 0.24305967
19 0.17 1717.63 0.24308375
20 0.08 1717.71 0.24309507
21 0.07 1717.78 0.24310497
22 0.03 1717.81 0.24310921
23 0.04 1717.85 0.24311487
24 0.02 1717.87 0.2431177
25 0 1717.87 0.2431177
