0 1 1 0.000142
1 4 5 0.00070776
2 13.46 18.46 0.00261254
3 39.86 58.32 0.0082536
4 101.5 159.82 0.02261815
5 212.05 371.87 0.05262813
6 337.75 709.62 0.10042745
7 363.96 1073.58 0.151936
8 282.76 1356.34 0.19195305
9 176.52 1532.86 0.21693461
10 99.25 1632.11 0.23098082
11 52.25 1684.36 0.23837533
12 24.45 1708.81 0.24183555
13 10.94 1719.75 0.24338379
14 5.04 1724.79 0.24409709
15 1.96 1726.75 0.24437455
16 0.92 1727.67 0.24450473
17 0.46 1728.13 0.24456985
18 0.28 1728.41 0.24460946
19 0.13 1728.54 0.24462786
20 0.04 1728.58 0.24463352
21 0 1728.58 0.24463352
