0 1 1 0.000142
1 4.88 5.88 0.00083229
2 13.51 19.39 0.00274414
3 40.29 59.68 0.0084461
4 102.59 162.27 0.02296488
5 217.89 380.16 0.05380134
6 332.63 712.79 0.10087603
7 354.84 1067.63 0.15109401
8 279.13 1346.76 0.19059722
9 171.65 1518.41 0.2148896
10 95.18 1613.59 0.22835978
11 50.49 1664.08 0.2355052
12 27.71 1691.79 0.23942681
13 13.67 1705.46 0.24136143
14 6.75 1712.21 0.24231673
15 2.68 1714.89 0.24269599
16 1.18 1716.07 0.242863
17 0.4 1716.47 0.24291962
18 0.27 1716.74 0.24295785
19 0.17 1716.91 0.2429819
20 0.07 1716.98 0.2429918
21 0.01 1716.99 0.24299322
22 0.01 1717 0.24299464
23 0.01 1717.01 0.24299605
