0 1 1 0.000142
1 11.72 12.72 0.00180014
2 27.94 40.66 0.00575434
3 84.66 125.32 0.01773562
4 189.85 315.17 0.04460376
5 336.59 651.76 0.09223889
6 404.36 1056.12 0.14946504
7 332.54 1388.66 0.19652701
8 202.71 1591.37 0.22521517
9 103.53 1694.9 0.23986698
10 49.51 1744.41 0.24687374
11 22.77 1767.18 0.25009624
12 10.76 1777.94 0.25161904
13 4.27 1782.21 0.25222335
14 1.92 1784.13 0.25249504
15 0.85 1784.98 0.25261532
16 0.53 1785.51 0.25269035
17 0.2 1785.71 0.25271865
18 0.09 1785.8 0.25273139
19 0.05 1785.85 0.25273847
20 0.01 1785.86 0.25273988
