0 1 1 0.000142
1 21.61 22.61 0.00319984
2 45 67.61 0.00956834
3 118.09 185.7 0.0262808
4 253.01 438.71 0.0620875
5 391.99 830.7 0.11756294
6 398.18 1228.88 0.17391454
7 274.36 1503.24 0.21274268
8 148.02 1651.26 0.23369087
9 69.69 1720.95 0.24355365
10 32.06 1753.01 0.2480908
11 14.93 1767.94 0.25020382
12 6.53 1774.47 0.2511279
13 2.72 1777.19 0.25151286
14 1.27 1778.46 0.25169265
15 0.59 1779.05 0.25177613
16 0.23 1779.28 0.25180866
17 0.07 1779.35 0.25181858
18 0.03 1779.38 0.25182282
19 0.01 1779.39 0.25182424
