0 1 1 0.000142
1 1.71 2.71 0.00038373
2 6.34 9.05 0.0012809
3 17.62 26.67 0.00377455
4 47.39 74.06 0.01048126
5 107.66 181.72 0.02571761
6 186.97 368.69 0.05217813
7 238.05 606.74 0.08586758
8 227.71 834.45 0.11809376
9 179 1013.45 0.14342634
10 120.42 1133.87 0.16046853
11 72.66 1206.53 0.17075156
12 39.29 1245.82 0.176312
13 19.75 1265.57 0.17910706
14 8.59 1274.16 0.18032271
15 4.22 1278.38 0.18091997
16 1.82 1280.2 0.18117754
17 1.09 1281.29 0.18133182
18 0.35 1281.64 0.18138135
19 0.15 1281.79 0.18140259
20 0.05 1281.84 0.18140965
21 0 1281.84 0.18140965
22 0.01 1281.85 0.18141107
23 0.01 1281.86 0.18141248
24 0.01 1281.87 0.1814139
