0 1 1 0.000142
1 3.41 4.41 0.00062428
2 11.16 15.57 0.00220357
3 30.24 45.81 0.00648315
4 79.02 124.83 0.01766633
5 170.55 295.38 0.04180304
6 287.49 582.87 0.08248945
7 344.8 927.67 0.13128647
8 302.23 1229.9 0.17405892
9 206.18 1436.08 0.20323807
10 119.78 1555.86 0.22018969
11 63.68 1619.54 0.22920185
12 31.83 1651.37 0.23370647
13 15.3 1666.67 0.23587181
14 7.23 1673.9 0.23689498
15 3.15 1677.05 0.23734081
16 1.3 1678.35 0.23752476
17 0.58 1678.93 0.23760686
18 0.44 1679.37 0.23766914
19 0.12 1679.49 0.23768611
20 0.08 1679.57 0.23769744
21 0.02 1679.59 0.23770027
22 0 1679.59 0.23770027
