0 1 1 0.000142
1 5.72 6.72 0.00095112
2 14.09 20.81 0.00294511
3 41.92 62.73 0.00887773
4 103.09 165.82 0.02346734
5 216.96 382.78 0.05417208
6 342.05 724.83 0.10258002
7 368.02 1092.85 0.15466315
8 292.28 1385.13 0.19602742
9 185.62 1570.75 0.22229694
10 99.73 1670.48 0.23641093
11 46.87 1717.35 0.24304414
12 21.23 1738.58 0.24604874
13 9.41 1747.99 0.24738039
14 4.35 1752.34 0.247996
15 1.68 1754.02 0.24823377
16 0.65 1754.67 0.2483258
17 0.22 1754.89 0.24835694
18 0.15 1755.04 0.24837816
19 0.11 1755.15 0.24839374
20 0.04 1755.19 0.24839939
21 0.01 1755.2 0.24840081
22 0.02 1755.22 0.24840364
