0 1 1 0.000142
1 2.03 3.03 0.000428969999999999
2 6.59 9.62 0.00136157
3 18.59 28.21 0.00399239
4 50.16 78.37 0.01109117
5 118.66 197.03 0.02788426
6 222.24 419.27 0.05933627
7 302.06 721.33 0.10208468
8 300.25 1021.58 0.14457689
9 224.23 1245.81 0.17631057
10 138.62 1384.43 0.19592845
11 75.29 1459.72 0.20658378
12 35.99 1495.71 0.21167711
13 15.98 1511.69 0.21393865
14 6.84 1518.53 0.21490663
15 3.1 1521.63 0.21534535
16 1.33 1522.96 0.21553358
17 0.62 1523.58 0.21562134
18 0.29 1523.87 0.21566236
19 0.15 1524.02 0.21568359
20 0.05 1524.07 0.21569067
21 0.03 1524.1 0.2156949
22 0 1524.1 0.2156949
