0 1 1 0.000142
1 2.34 3.34 0.00047288
2 9.81 13.15 0.00186114
3 24.43 37.58 0.00531853
4 67.12 104.7 0.01481748
5 144.95 249.65 0.03533117
6 248.65 498.3 0.07052091
7 301.79 800.09 0.11323099
8 271.02 1071.11 0.15158654
9 191.78 1262.89 0.17872778
10 117.25 1380.14 0.19532129
11 63.38 1443.52 0.20429102
12 30.65 1474.17 0.20862873
13 15.41 1489.58 0.21080954
14 9.94 1499.52 0.21221625
15 6.9 1506.42 0.21319278
16 4.66 1511.08 0.21385228
17 2.55 1513.63 0.21421317
18 1.04 1514.67 0.21436033
19 0.44 1515.11 0.21442261
20 0.14 1515.25 0.21444242
21 0.08 1515.33 0.21445374
22 0.01 1515.34 0.21445516
23 0 1515.34 0.21445516
