0 1 1 0.000142
1 2.21 3.21 0.00045445
2 7.47 10.68 0.00151157
3 21.82 32.5 0.00459957
4 60.05 92.55 0.01309799
5 135.78 228.33 0.03231396
6 245.83 474.16 0.06710448
7 310.35 784.51 0.11102608
8 280.03 1064.54 0.15065674
9 198.97 1263.51 0.17881548
10 117.54 1381.05 0.19545009
11 63.02 1444.07 0.2043688
12 32.15 1476.22 0.20891877
13 14.6 1490.82 0.21098509
14 6.3 1497.12 0.21187665
15 2.39 1499.51 0.21221487
16 1.03 1500.54 0.21236063
17 0.43 1500.97 0.21242148
18 0.21 1501.18 0.2124512
19 0.1 1501.28 0.21246534
20 0.04 1501.32 0.212471
21 0.03 1501.35 0.21247525
22 0.02 1501.37 0.21247808
23 0.01 1501.38 0.21247949
24 0 1501.38 0.21247949
