0 1 1 0.000142
1 4.68 5.68 0.00080394
2 13.68 19.36 0.0027399
3 40.76 60.12 0.00850835
4 102.04 162.16 0.02294936
5 220.81 382.97 0.0541989
6 344.93 727.9 0.10301447
7 372.26 1100.16 0.15569771
8 288.91 1389.07 0.19658501
9 182.27 1571.34 0.22238039
10 102.05 1673.39 0.2368228
11 54.01 1727.4 0.2444665
12 29.26 1756.66 0.2486074
13 15.6 1772.26 0.25081517
14 7.19 1779.45 0.25183269
15 3.04 1782.49 0.252263
16 1.35 1783.84 0.25245401
17 0.57 1784.41 0.25253469
18 0.2 1784.61 0.252563
19 0.04 1784.65 0.25256866
20 0 1784.65 0.25256866
