0 1 1 0.000142
1 3.78 4.78 0.00067663
2 12.27 17.05 0.00241303
3 36.04 53.09 0.00751347
4 93.8 146.89 0.02078831
5 202.12 349.01 0.04939285
6 325.7 674.71 0.09548689
7 353.45 1028.16 0.14550808
8 278.41 1306.57 0.18490948
9 176.91 1483.48 0.20994621
10 97.27 1580.75 0.22371218
11 51.43 1632.18 0.23099068
12 26.93 1659.11 0.23480192
13 13.03 1672.14 0.23664595
14 6.05 1678.19 0.23750215
15 2.81 1681 0.23789979
16 1.35 1682.35 0.23809086
17 0.48 1682.83 0.2381588
18 0.17 1683 0.23818287
19 0.05 1683.05 0.23818993
20 0.03 1683.08 0.23819418
21 0.02 1683.1 0.23819701
22 0 1683.1 0.23819701
