0 1 1 0.000142
1 3.02 4.02 0.00056904
2 10.11 14.13 0.00199976
3 28.65 42.78 0.0060544
4 76.24 119.02 0.01684407
5 165.57 284.59 0.04027601
6 285.52 570.11 0.0806836
7 343.21 913.32 0.12925562
8 298.02 1211.34 0.17143224
9 196.9 1408.24 0.19929808
10 111.3 1519.54 0.21504956
11 57.2 1576.74 0.22314473
12 27.44 1604.18 0.22702812
13 12.63 1616.81 0.22881553
14 5.29 1622.1 0.22956415
15 2.36 1624.46 0.22989815
16 0.92 1625.38 0.23002843
17 0.48 1625.86 0.23009632
18 0.19 1626.05 0.23012322
19 0.11 1626.16 0.23013878
20 0.04 1626.2 0.23014444
21 0.01 1626.21 0.23014586
