0 1 1 0.000142
1 10.57 11.57 0.00163735
2 26.62 38.19 0.00540475
3 73.91 112.1 0.01586472
4 169.63 281.73 0.0398712
5 317.48 599.21 0.08480192
6 409.31 1008.52 0.14272862
7 353.51 1362.03 0.19275826
8 219.23 1581.26 0.22378435
9 111.49 1692.75 0.23956272
10 52.29 1745.04 0.24696289
11 23.19 1768.23 0.25024482
12 10.88 1779.11 0.25178466
13 4.69 1783.8 0.25244831
14 2.11 1785.91 0.25274695
15 0.97 1786.88 0.25288426
16 0.43 1787.31 0.25294511
17 0.23 1787.54 0.25297765
18 0.04 1787.58 0.25298333
19 0.01 1787.59 0.25298474
20 0 1787.59 0.25298474
