0 1 1 0.000142
1 1.8 2.8 0.00039651
2 7.24 10.04 0.00142095
3 19.8 29.84 0.00422313
4 56.49 86.33 0.01221773
5 130.95 217.28 0.03075014
6 231.82 449.1 0.06355798
7 293.86 742.96 0.10514583
8 274.74 1017.7 0.14402777
9 204.59 1222.29 0.17298193
10 123.17 1345.46 0.19041329
11 65.26 1410.72 0.19964906
12 31.9 1442.62 0.20416369
13 14.3 1456.92 0.20618746
14 5.94 1462.86 0.20702812
15 2.5 1465.36 0.20738187
16 0.97 1466.33 0.20751914
17 0.51 1466.84 0.20759132
18 0.34 1467.18 0.20763945
19 0.11 1467.29 0.20765504
20 0.1 1467.39 0.20766917
21 0.02 1467.41 0.207672
22 0 1467.41 0.207672
