0 1 1 0.000142
1 9.21 10.21 0.00144497
2 20.24 30.45 0.00430934
3 53.43 83.88 0.01187091
4 134.1 217.98 0.03084909
5 262.32 480.3 0.06797341
6 378.01 858.31 0.12147043
7 373.59 1231.9 0.17434196
8 263.75 1495.65 0.21166856
9 148.68 1644.33 0.23271015
10 75.04 1719.37 0.24332998
11 36.1 1755.47 0.24843903
12 16.65 1772.12 0.25079536
13 7.52 1779.64 0.25185958
14 3.54 1783.18 0.25236062
15 1.2 1784.38 0.25253042
16 0.55 1784.93 0.25260826
17 0.25 1785.18 0.25264365
18 0.07 1785.25 0.25265355
19 0.04 1785.29 0.25265921
20 0.01 1785.3 0.25266063
21 0.01 1785.31 0.25266204
22 0.01 1785.32 0.25266346
23 0 1785.32 0.25266346
