0 1 1 0.000142
1 6.62 7.62 0.00107845
2 15.84 23.46 0.00332013
3 46.55 70.01 0.00990800000000001
4 110.78 180.79 0.02558591
5 235.87 416.66 0.05896692
6 359.56 776.22 0.10985277
7 386.46 1162.68 0.16454568
8 289.37 1452.05 0.20549811
9 169.58 1621.63 0.2294976
10 87.81 1709.44 0.24192468
11 42.31 1751.75 0.2479125
12 19.35 1771.1 0.25065099
13 8.75 1779.85 0.25188936
14 3.75 1783.6 0.25242
15 1.79 1785.39 0.25267341
16 0.77 1786.16 0.25278235
17 0.34 1786.5 0.25283046
18 0.07 1786.57 0.25284037
19 0.02 1786.59 0.25284319
