0 1 1 0.000142
1 1.95 2.95 0.00041764
2 7.53 10.48 0.00148325
3 19.88 30.36 0.00429669
4 55.43 85.79 0.01214127
5 126.25 212.04 0.03000853
6 218.65 430.69 0.06095254
7 269.41 700.1 0.09908013
8 249.89 949.99 0.13444528
9 188.4 1138.39 0.16110818
10 127.42 1265.81 0.17914098
11 76.46 1342.27 0.18996182
12 43.9 1386.17 0.19617468
13 23.34 1409.51 0.19947781
14 11.38 1420.89 0.20108834
15 5.36 1426.25 0.2018469
16 2.59 1428.84 0.20221344
17 1.05 1429.89 0.20236206
18 0.45 1430.34 0.20242576
19 0.19 1430.53 0.20245264
20 0.07 1430.6 0.20246254
21 0.02 1430.62 0.20246537
22 0.02 1430.64 0.2024682
23 0 1430.64 0.2024682
