0 1 1 0.000142
1 2.48 3.48 0.00049264
2 8.87 12.35 0.00174787
3 24.75 37.1 0.0052505
4 65.94 103.04 0.01458255
5 145.36 248.4 0.03515427
6 247.74 496.14 0.07021515
7 315.74 811.88 0.11489955
8 293.15 1105.03 0.15638692
9 217.87 1322.9 0.18722053
10 136.64 1459.54 0.20655823
11 74.06 1533.6 0.21703939
12 38.04 1571.64 0.22242288
13 18.4 1590.04 0.22502687
14 8.16 1598.2 0.22618177
15 4.02 1602.22 0.22675067
16 1.71 1603.93 0.22699265
17 0.55 1604.48 0.22707048
18 0.29 1604.77 0.22711152
19 0.09 1604.86 0.22712426
20 0.02 1604.88 0.2271271
21 0.01 1604.89 0.22712851
22 0.01 1604.9 0.22712993
23 0 1604.9 0.22712993
