0 1 1 0.000142
1 5.47 6.47 0.00091574
2 12.35 18.82 0.00266348
3 33.88 52.7 0.00745823
4 85.52 138.22 0.01956131
5 187.33 325.55 0.0460727
6 314.1 639.65 0.09052508
7 368.79 1008.44 0.14271722
8 313.93 1322.37 0.18714547
9 208.89 1531.26 0.21670816
10 116.16 1647.42 0.23314746
11 54.39 1701.81 0.24084481
12 25.59 1727.4 0.24446647
13 11.31 1738.71 0.24606708
14 4.95 1743.66 0.24676763
15 2.38 1746.04 0.24710439
16 0.89 1746.93 0.24723035
17 0.45 1747.38 0.24729406
18 0.12 1747.5 0.24731103
19 0.06 1747.56 0.24731951
20 0.02 1747.58 0.24732234
21 0.01 1747.59 0.24732376
22 0 1747.59 0.24732376
