0 1 1 0.000142
1 2.16 3.16 0.00044737
2 7.43 10.59 0.00149881
3 23.19 33.78 0.00478067
4 60.03 93.81 0.01327627
5 132.06 225.87 0.03196579
6 232.87 458.74 0.06492223
7 292.06 750.8 0.10625535
8 264.64 1015.44 0.14370796
9 183.8 1199.24 0.16971986
10 108.64 1307.88 0.18509487
11 58.96 1366.84 0.19343904
12 31.45 1398.29 0.1978899
13 16.15 1414.44 0.20017555
14 7.79 1422.23 0.20127798
15 3.55 1425.78 0.20178039
16 1.46 1427.24 0.20198703
17 0.67 1427.91 0.20208185
18 0.39 1428.3 0.20213704
19 0.16 1428.46 0.20215968
20 0.04 1428.5 0.20216535
21 0.02 1428.52 0.20216819
22 0.01 1428.53 0.2021696
