0 1 1 0.000142
1 3.1 4.1 0.0005804
2 10.05 14.15 0.00200263
3 29.38 43.53 0.00616048
4 78.19 121.72 0.01722616
5 177.43 299.15 0.0423366
6 294.32 593.47 0.08398954
7 354.19 947.66 0.13411546
8 306.59 1254.25 0.17750499
9 207.5 1461.75 0.20687089
10 118.12 1579.87 0.22358762
11 63.29 1643.16 0.23254464
12 30.57 1673.73 0.23687094
13 13.58 1687.31 0.2387928
14 6.57 1693.88 0.23972266
15 2.68 1696.56 0.24010192
16 1.11 1697.67 0.24025904
17 0.51 1698.18 0.24033121
18 0.26 1698.44 0.24036799
19 0.15 1698.59 0.24038921
20 0.08 1698.67 0.24040052
21 0.07 1698.74 0.24041043
22 0.02 1698.76 0.24041327
