0 1 1 0.000142
1 4.07 5.07 0.00071769
2 13.87 18.94 0.00268052
3 42.45 61.39 0.00868814
4 110.27 171.66 0.02429386
5 234.73 406.39 0.05751339
6 355.72 762.11 0.10785593
7 373.64 1135.75 0.1607345
8 285.44 1421.19 0.20113076
9 171.48 1592.67 0.22539912
10 93.68 1686.35 0.23865697
11 47.5 1733.85 0.24537928
12 23.2 1757.05 0.24866261
13 10.61 1767.66 0.2501642
14 4.65 1772.31 0.25082227
15 2.28 1774.59 0.25114496
16 0.88 1775.47 0.25126944
17 0.47 1775.94 0.25133599
18 0.17 1776.11 0.25136002
19 0.07 1776.18 0.25136994
20 0.13 1776.31 0.25138832
21 0.01 1776.32 0.25138974
22 0 1776.32 0.25138974
