0 1 1 0.000142
1 5.03 6.03 0.00085349
2 14.57 20.6 0.00291544
3 37.79 58.39 0.00826357
4 93.42 151.81 0.02148451
5 199.26 351.07 0.04968442
6 321.62 672.69 0.09520092
7 360.59 1033.28 0.14623269
8 297.65 1330.93 0.18835693
9 194.49 1525.42 0.21588165
10 109.64 1635.06 0.23139825
11 55.37 1690.43 0.23923431
12 29.79 1720.22 0.24345034
13 15.6 1735.82 0.24565808
14 8.39 1744.21 0.24684545
15 5.32 1749.53 0.24759835
16 4.17 1753.7 0.2481885
17 4.27 1757.97 0.24879277
18 4.78 1762.75 0.24946926
19 3.02 1765.77 0.24989665
20 1.69 1767.46 0.25013582
21 0.87 1768.33 0.25025894
22 0.33 1768.66 0.25030564
23 0.1 1768.76 0.25031979
24 0.02 1768.78 0.25032262
25 0 1768.78 0.25032262
