0 1 1 0.000142
1 5.89 6.89 0.00097521
2 16.61 23.5 0.00332578
3 44.86 68.36 0.00967451
4 117.28 185.64 0.02627233
5 240.3 425.94 0.06028022
6 356.23 782.17 0.11069487
7 370.64 1152.81 0.16314889
8 277.66 1430.47 0.20244415
9 174.59 1605.06 0.2271526
10 96.58 1701.64 0.24082087
11 47.26 1748.9 0.24750918
12 22.27 1771.17 0.25066095
13 9.33 1780.5 0.25198132
14 4.08 1784.58 0.25255879
15 1.76 1786.34 0.25280785
16 0.6 1786.94 0.25289278
17 0.25 1787.19 0.25292813
18 0.14 1787.33 0.25294794
19 0.03 1787.36 0.25295219
20 0.03 1787.39 0.25295644
21 0 1787.39 0.25295644
