0 1 1 0.000142
1 4.49 5.49 0.00077704
2 13.42 18.91 0.0026762
3 39.06 57.97 0.00820409
4 97.81 155.78 0.02204645
5 211.11 366.89 0.05192329
6 335.65 702.54 0.09942536
7 371.08 1073.62 0.15194173
8 291.92 1365.54 0.193255
9 181.09 1546.63 0.21888337
10 97.58 1644.21 0.23269319
11 47.21 1691.42 0.23937447
12 21.73 1713.15 0.24244974
13 8.18 1721.33 0.24360743
14 4.02 1725.35 0.24417635
15 1.91 1727.26 0.24444669
16 0.84 1728.1 0.24456553
17 0.53 1728.63 0.24464055
18 0.24 1728.87 0.2446745
19 0.11 1728.98 0.24469006
20 0.03 1729.01 0.24469432
21 0.01 1729.02 0.24469574
22 0 1729.02 0.24469574
