0 1 1 0.000142
1 2.36 3.36 0.00047571
2 8.19 11.55 0.00163468
3 21.75 33.3 0.0047128
4 59.19 92.49 0.01308949
5 136.4 228.89 0.03239318
6 243.57 472.46 0.0668639
7 312.56 785.02 0.11109826
8 281.3 1066.32 0.15090865
9 192.79 1259.11 0.17819276
10 107.19 1366.3 0.19336265
11 53.44 1419.74 0.20092566
12 24.84 1444.58 0.20444103
13 10.42 1455 0.20591575
14 4.68 1459.68 0.20657803
15 2.18 1461.86 0.20688651
16 0.94 1462.8 0.20701956
17 0.37 1463.17 0.20707195
18 0.13 1463.3 0.20709034
19 0.1 1463.4 0.2071045
20 0.03 1463.43 0.20710875
21 0.02 1463.45 0.20711158
22 0 1463.45 0.20711158
