0 1 1 0.000142
1 3.53 4.53 0.00064122
2 11.7 16.23 0.00229695
3 31.57 47.8 0.0067648
4 83.2 131 0.01853955
5 174.62 305.62 0.0432522
6 282.38 588 0.08321542
7 332.32 920.32 0.13024625
8 289.63 1209.95 0.1712355
9 201.17 1411.12 0.19970566
10 118.27 1529.39 0.21644353
11 62.23 1591.62 0.22525054
12 29.46 1621.08 0.22941978
13 13.22 1634.3 0.23129065
14 6.43 1640.73 0.23220071
15 2.61 1643.34 0.23257012
16 1.09 1644.43 0.23272435
17 0.46 1644.89 0.2327895
18 0.26 1645.15 0.23282629
19 0.03 1645.18 0.23283052
20 0 1645.18 0.23283052
