0 1 1 0.000142
1 4.29 5.29 0.00074877
2 9.56 14.85 0.00210161
3 29.14 43.99 0.0062256
4 76.7 120.69 0.01708037
5 176.55 297.24 0.04206629
6 307.82 605.06 0.08562982
7 375.34 980.4 0.13874897
8 321.15 1301.55 0.18419899
9 205.53 1507.08 0.21328617
10 111.9 1618.98 0.22912255
11 55.61 1674.59 0.2369926
12 25.27 1699.86 0.24056892
13 10.78 1710.64 0.2420945
14 5.19 1715.83 0.24282903
15 2.33 1718.16 0.24315884
16 1.04 1719.2 0.24330602
17 0.62 1719.82 0.24339378
18 0.28 1720.1 0.2434334
19 0.18 1720.28 0.24345888
20 0.07 1720.35 0.24346879
21 0.01 1720.36 0.2434702
22 0.01 1720.37 0.24347161
23 0.01 1720.38 0.24347303
