0 1 1 0.000142
1 3.86 4.86 0.00068795
2 9.58 14.44 0.00204361
3 29 43.44 0.00614777
4 78.52 121.96 0.01726011
5 174.79 296.75 0.0419969
6 293.62 590.37 0.08355083
7 353.71 944.08 0.13360885
8 309.82 1253.9 0.17745542
9 212.13 1466.03 0.20747666
10 120.67 1586.7 0.22455423
11 61.89 1648.59 0.23331302
12 28.98 1677.57 0.23741438
13 12.81 1690.38 0.23922731
14 5.49 1695.87 0.24000428
15 2.44 1698.31 0.2403496
16 1.06 1699.37 0.24049959
17 0.37 1699.74 0.24055193
18 0.21 1699.95 0.24058165
19 0.08 1700.03 0.24059297
20 0.04 1700.07 0.24059863
21 0.02 1700.09 0.24060145
22 0 1700.09 0.24060145
