0 1 1 0.000142
1 3.92 4.92 0.00069642
2 11.5 16.42 0.00232384
3 31.6 48.02 0.00679588
4 84.03 132.05 0.01868811
5 182.49 314.54 0.04451464
6 297.2 611.74 0.0865752
7 351.83 963.57 0.13636711
8 308.2 1271.77 0.17998442
9 208.19 1479.96 0.20944804
10 120.11 1600.07 0.22644641
11 60.99 1661.06 0.23507785
12 30.81 1691.87 0.2394382
13 14.86 1706.73 0.24154122
14 6.95 1713.68 0.24252477
15 3.33 1717.01 0.24299608
16 1.45 1718.46 0.24320128
17 0.62 1719.08 0.243289
18 0.24 1719.32 0.24332297
19 0.13 1719.45 0.24334135
20 0.03 1719.48 0.24334561
21 0 1719.48 0.24334561
