0 1 1 0.000142
1 1.59 2.59 0.00036677
2 7.56 10.15 0.00143656
3 21.33 31.48 0.00445523
4 55.44 86.92 0.01230127
5 124.5 211.42 0.0299208
6 215.75 427.17 0.06045438
7 276.07 703.24 0.09952455
8 253.72 956.96 0.13543175
9 176.27 1133.23 0.16037791
10 100.78 1234.01 0.17464065
11 48.89 1282.9 0.18155967
12 23.49 1306.39 0.18488403
13 9.98 1316.37 0.18629641
14 4 1320.37 0.18686251
15 1.99 1322.36 0.18714415
16 1.06 1323.42 0.18729418
17 0.39 1323.81 0.18734936
18 0.15 1323.96 0.18737056
19 0.09 1324.05 0.18738331
20 0.04 1324.09 0.18738896
21 0.01 1324.1 0.18739038
22 0 1324.1 0.18739038
