0 1 1 0.000142
1 2.16 3.16 0.00044739
2 7.99 11.15 0.00157804
3 22.11 33.26 0.00470709
4 59.88 93.14 0.01318151
5 134.13 227.27 0.03216395
6 232.34 459.61 0.06504535
7 290.46 750.07 0.10615205
8 268.12 1018.19 0.1440971
9 195.35 1213.54 0.1717436
10 120.72 1334.26 0.18882824
11 65.65 1399.91 0.19811927
12 31.05 1430.96 0.20251352
13 13.91 1444.87 0.20448205
14 6.02 1450.89 0.20533402
15 2.94 1453.83 0.20575011
16 1.34 1455.17 0.20593975
17 0.47 1455.64 0.20600626
18 0.29 1455.93 0.2060473
19 0.08 1456.01 0.20605865
20 0.01 1456.02 0.20606006
