0 1 1 0.000142
1 3.4 4.4 0.00062285
2 11.54 15.94 0.00225595
3 32.61 48.55 0.00687098
4 83.37 131.92 0.01866969
5 177.49 309.41 0.04378858
6 298.26 607.67 0.08599913
7 352.97 960.64 0.13595241
8 302.98 1263.62 0.17883106
9 210.04 1473.66 0.20855648
10 130.4 1604.06 0.22701105
11 67.89 1671.95 0.23661903
12 32.42 1704.37 0.24120712
13 14.22 1718.59 0.24321968
14 6.25 1724.84 0.24410416
15 2.68 1727.52 0.2444834
16 1.12 1728.64 0.2446419
17 0.61 1729.25 0.24472824
18 0.21 1729.46 0.24475794
19 0.1 1729.56 0.2447721
20 0.02 1729.58 0.24477493
21 0.02 1729.6 0.24477776
22 0.01 1729.61 0.24477918
23 0 1729.61 0.24477918
