0 1 1 0.000142
1 6.29 7.29 0.00103177
2 15.06 22.35 0.00316305
3 40.61 62.96 0.0089103
4 100.08 163.04 0.0230739
5 212.6 375.64 0.05316159
6 337.77 713.41 0.10096377
7 375.46 1088.87 0.15409989
8 297.39 1386.26 0.19618739
9 190.39 1576.65 0.22313195
10 107.2 1683.85 0.23830315
11 52.93 1736.78 0.24579395
12 25.21 1761.99 0.24936177
13 11.41 1773.4 0.25097651
14 4.94 1778.34 0.25167562
15 2.14 1780.48 0.25197849
16 0.86 1781.34 0.25210019
17 0.32 1781.66 0.25214548
18 0.13 1781.79 0.25216386
19 0.03 1781.82 0.25216811
20 0.03 1781.85 0.25217236
21 0 1781.85 0.25217236
