0 1 1 0.000142
1 2.92 3.92 0.0005549
2 10.62 14.54 0.00205782
3 28.47 43.01 0.00608694
4 76.19 119.2 0.01686955
5 170.55 289.75 0.04100628
6 297.39 587.14 0.0830937100000001
7 356.37 943.51 0.1335282
8 307.55 1251.06 0.1770535
9 200.96 1452.02 0.20549394
10 107.54 1559.56 0.22071329
11 51.54 1611.1 0.22800736
12 23.37 1634.47 0.23131481
13 10.46 1644.93 0.2327951
14 5.06 1649.99 0.23351121
15 2.19 1652.18 0.23382115
16 0.72 1652.9 0.23392299
17 0.41 1653.31 0.23398103
18 0.23 1653.54 0.23401359
19 0.04 1653.58 0.23401925
20 0.02 1653.6 0.23402208
21 0.04 1653.64 0.23402774
22 0 1653.64 0.23402774
