0 1 1 0.000142
1 2.34 3.34 0.00047286
2 9.25 12.59 0.00178186
3 26.95 39.54 0.00559586
4 70.28 109.82 0.0155421
5 156.28 266.1 0.03765927
6 268.75 534.85 0.07569352
7 330.34 865.19 0.12244416
8 294.1 1159.29 0.16406597
9 202.18 1361.47 0.19267909
10 117.69 1479.16 0.20933489
11 59.5 1538.66 0.21775553
12 29.46 1568.12 0.22192482
13 12.78 1580.9 0.22373343
14 5.99 1586.89 0.22458119
15 2.23 1589.12 0.22489678
16 1.01 1590.13 0.22503968
17 0.49 1590.62 0.22510904
18 0.22 1590.84 0.22514016
19 0.11 1590.95 0.22515574
20 0.03 1590.98 0.22515997
21 0.01 1590.99 0.22516139
22 0.01 1591 0.22516281
23 0.01 1591.01 0.22516422
