0 1 1 0.000142
1 1.77 2.77 0.0003922
2 7.71 10.48 0.00148322
3 21.72 32.2 0.00455713
4 60.75 92.95 0.01315457
5 134.55 227.5 0.03219649
6 234.12 461.62 0.06532983
7 296.91 758.53 0.10734936
8 271.79 1030.32 0.14581383
9 193.57 1223.89 0.17320836
10 114.92 1338.81 0.18947217
11 62.02 1400.83 0.1982494
12 33.96 1434.79 0.20305551
13 16.71 1451.5 0.20542037
14 7.7 1459.2 0.20651012
15 3.63 1462.83 0.20702385
16 1.43 1464.26 0.20722623
17 0.62 1464.88 0.20731397
18 0.32 1465.2 0.20735926
19 0.11 1465.31 0.20737483
20 0.06 1465.37 0.20738332
21 0 1465.37 0.20738332
