0 1 1 0.000142
1 2.59 3.59 0.00050827
2 7.93 11.52 0.00163043
3 24.01 35.53 0.00502834
4 64.81 100.34 0.01420046
5 148.28 248.62 0.03518537
6 262.28 510.9 0.07230404
7 336.36 847.26 0.11990668
8 305.53 1152.79 0.1631461
9 211.33 1364.12 0.1930541
10 125.53 1489.65 0.21081947
11 67.18 1556.83 0.22032697
12 33.62 1590.45 0.22508495
13 16.19 1606.64 0.22737626
14 7.46 1614.1 0.22843199
15 3.36 1617.46 0.22890748
16 1.44 1618.9 0.22911131
17 0.71 1619.61 0.22921181
18 0.23 1619.84 0.22924437
19 0.13 1619.97 0.22926276
20 0.04 1620.01 0.22926842
21 0.03 1620.04 0.22927267
22 0.01 1620.05 0.22927408
23 0.02 1620.07 0.22927691
24 0.01 1620.08 0.22927833
25 0 1620.08 0.22927833
