0 1 1 0.000142
1 8.15 9.15 0.00129495
2 19.4 28.55 0.00404055
3 59.68 88.23 0.01248659
4 147.57 235.8 0.03337108
5 289.14 524.94 0.07429094
6 399.71 924.65 0.13085902
7 370.28 1294.93 0.18326209
8 244.8 1539.73 0.21790691
9 131.56 1671.29 0.23652563
10 63.18 1734.47 0.245467
11 28.8 1763.27 0.24954287
12 12.85 1776.12 0.25136139
13 5.9 1782.02 0.25219648
14 2.56 1784.58 0.25255876
15 1.09 1785.67 0.25271299
16 0.53 1786.2 0.25278802
17 0.21 1786.41 0.25281776
18 0.07 1786.48 0.25282765
19 0.04 1786.52 0.25283332
20 0.03 1786.55 0.25283756
21 0 1786.55 0.25283756
