0 1 1 0.000142
1 3.07 4.07 0.00057617
2 9.48 13.55 0.00191768
3 28.68 42.23 0.0059765
4 73.42 115.65 0.01636712
5 166.08 281.73 0.03987121
6 278.55 560.28 0.07929237
7 337.29 897.57 0.12702658
8 302.27 1199.84 0.16980471
9 217.85 1417.69 0.20063545
10 135.37 1553.06 0.21979345
11 74.04 1627.1 0.23027177
12 35.96 1663.06 0.23536085
13 15.66 1678.72 0.23757717
14 7.18 1685.9 0.23859332
15 3.5 1689.4 0.23908864
16 1.42 1690.82 0.23928959
17 0.51 1691.33 0.23936179
18 0.16 1691.49 0.23938441
19 0.04 1691.53 0.23939007
20 0.03 1691.56 0.23939432
21 0.01 1691.57 0.23939573
22 0 1691.57 0.23939573
