0 1 1 0.000142
1 3.12 4.12 0.00058329
2 9.62 13.74 0.00194454
3 27.04 40.78 0.00577134
4 71.83 112.61 0.01593686
5 157.7 270.31 0.03825506
6 271.49 541.8 0.07667707
7 338.67 880.47 0.12460659
8 312.97 1193.44 0.168899
9 229.5 1422.94 0.20137844
10 137 1559.94 0.2207671
11 69.53 1629.47 0.23060717
12 33.88 1663.35 0.23540194
13 14.92 1678.27 0.2375134
14 6.69 1684.96 0.23846025
15 3.22 1688.18 0.23891598
16 1.47 1689.65 0.23912402
17 0.45 1690.1 0.23918769
18 0.24 1690.34 0.23922167
19 0.16 1690.5 0.23924432
20 0.1 1690.6 0.23925846
21 0.05 1690.65 0.23926554
22 0 1690.65 0.23926554
23 0.01 1690.66 0.23926696
