0 1 1 0.000142
1 4.69 5.69 0.00080538
2 14.94 20.63 0.00291969
3 42.19 62.82 0.00889046
4 109.62 172.44 0.0244042
5 226.87 399.31 0.05651141
6 341.91 741.22 0.10489952
7 360.97 1102.19 0.15598502
8 281.09 1383.28 0.19576566
9 170.74 1554.02 0.21992923
10 88.7 1642.72 0.23248232
11 42.44 1685.16 0.23848854
12 18.41 1703.57 0.24109396
13 8.36 1711.93 0.24227709
14 3.79 1715.72 0.24281345
15 1.69 1717.41 0.2430526
16 0.7 1718.11 0.2431517
17 0.32 1718.43 0.24319696
18 0.08 1718.51 0.24320829
19 0.04 1718.55 0.24321396
20 0.01 1718.56 0.24321537
