0 1 1 0.000142
1 2.57 3.57 0.00050539
2 6.99 10.56 0.00149458
3 22.45 33.01 0.00467167
4 59.74 92.75 0.01312623
5 134.96 227.71 0.03222618
6 238.31 466.02 0.06595251
7 300.79 766.81 0.10852112
8 289.43 1056.24 0.14948208
9 213.27 1269.51 0.17966458
10 136.43 1405.94 0.19897255
11 82.62 1488.56 0.21066518
12 44.25 1532.81 0.21692755
13 22.27 1555.08 0.22007925
14 10.93 1566.01 0.22162607
15 4.69 1570.7 0.22228986
16 2.15 1572.85 0.22259413
17 1.09 1573.94 0.22274837
18 0.48 1574.42 0.22281628
19 0.17 1574.59 0.22284035
20 0.12 1574.71 0.22285733
21 0.05 1574.76 0.22286441
22 0 1574.76 0.22286441
