0 1 1 0.000142
1 2.36 3.36 0.00047569
2 8.05 11.41 0.0016148
3 22.78 34.19 0.00483872
4 61.22 95.41 0.01350275
5 139.26 234.67 0.0332112
6 245.85 480.52 0.06800459
7 312.98 793.5 0.11229832
8 287.5 1081 0.15298617
9 206.74 1287.74 0.18224461
10 124.01 1411.75 0.19979482
11 67.19 1478.94 0.2093038
12 34.54 1513.48 0.21419196
13 15.49 1528.97 0.21638418
14 7.6 1536.57 0.21745977
15 2.92 1539.49 0.21787296
16 1.31 1540.8 0.21805836
17 0.55 1541.35 0.21813619
18 0.2 1541.55 0.2181645
19 0.04 1541.59 0.21817016
20 0.02 1541.61 0.21817299
21 0.03 1541.64 0.21817724
22 0 1541.64 0.21817724
