0 1 1 0.000142
1 3.66 4.66 0.00065964
2 10.49 15.15 0.00214412
3 28.56 43.71 0.00618601
4 73.46 117.17 0.01658231
5 163.28 280.45 0.0396901
6 278.8 559.25 0.07914664
7 339.93 899.18 0.12725449
8 297.49 1196.67 0.16935612
9 205.24 1401.91 0.19840225
10 117.42 1519.33 0.21501982
11 58.93 1578.26 0.22335973
12 27.7 1605.96 0.22727996
13 11.99 1617.95 0.2289768
14 5.35 1623.3 0.22973395
15 2.31 1625.61 0.23006089
16 1.13 1626.74 0.23022081
17 0.41 1627.15 0.23027883
18 0.17 1627.32 0.23030289
19 0.07 1627.39 0.23031279
20 0.04 1627.43 0.23031845
21 0 1627.43 0.23031845
