0 1 1 0.000142
1 4.55 5.55 0.00078561
2 11.06 16.61 0.00235071
3 31.83 48.44 0.00685537
4 88.11 136.55 0.01932495
5 190.43 326.98 0.04627512
6 318.21 645.19 0.09130913
7 377.08 1022.27 0.14467453
8 309.72 1331.99 0.18850695
9 198.77 1530.76 0.21663745
10 110.11 1640.87 0.23222053
11 53.07 1693.94 0.23973109
12 25.7 1719.64 0.24336827
13 11.54 1731.18 0.24500142
14 4.72 1735.9 0.24566938
15 2.24 1738.14 0.2459864
16 0.82 1738.96 0.24610246
17 0.38 1739.34 0.24615625
18 0.17 1739.51 0.24618031
19 0.03 1739.54 0.24618454
20 0.02 1739.56 0.24618738
21 0 1739.56 0.24618738
