0 1 1 0.000142
1 4.45 5.45 0.0007714
2 14.91 20.36 0.00288143
3 42.19 62.55 0.00885226
4 107 169.55 0.02399515
5 223.19 392.74 0.05558171
6 346.54 739.28 0.10462498
7 373.99 1113.27 0.15755312
8 283.68 1396.95 0.19770029
9 171.02 1567.97 0.22190349
10 88.18 1656.15 0.23438299
11 40.8 1696.95 0.24015709
12 18.19 1715.14 0.24273135
13 7.93 1723.07 0.24385369
14 3.48 1726.55 0.24434619
15 1.63 1728.18 0.24457687
16 0.68 1728.86 0.24467309
17 0.28 1729.14 0.24471275
18 0.2 1729.34 0.24474105
19 0.06 1729.4 0.24474952
20 0.02 1729.42 0.24475236
21 0.01 1729.43 0.24475377
22 0 1729.43 0.24475377
