0 1 1 0.000142
1 7.11 8.11 0.00114778
2 16.16 24.27 0.00343477
3 43.52 67.79 0.0095938
4 107.04 174.83 0.02474242
5 230.59 405.42 0.05737619
6 359.44 764.86 0.10824515
7 389.57 1154.43 0.16337817
8 292.62 1447.05 0.20479058
9 171.34 1618.39 0.22903911
10 86.58 1704.97 0.24129216
11 42.99 1747.96 0.24737616
12 20.43 1768.39 0.25026749
13 9.55 1777.94 0.25161901
14 4.38 1782.32 0.25223889
15 1.6 1783.92 0.25246533
16 0.74 1784.66 0.25257012
17 0.34 1785 0.2526182
18 0.16 1785.16 0.25264086
19 0.01 1785.17 0.25264227
20 0 1785.17 0.25264227
