0 1 1 0.000142
1 1.83 2.83 0.00040068
2 8.3 11.13 0.00157521
3 22.35 33.48 0.00473825
4 62.33 95.81 0.01355933
5 138.17 233.98 0.03311359
6 238.3 472.28 0.06683848
7 299.75 772.03 0.10925987
8 272.42 1044.45 0.14781355
9 196.42 1240.87 0.17561145
10 115.65 1356.52 0.19197852
11 63.09 1419.61 0.20090724
12 34.55 1454.16 0.20579684
13 18.48 1472.64 0.20841215
14 9.31 1481.95 0.20972977
15 4.5 1486.45 0.2103666
16 1.88 1488.33 0.21063266
17 0.69 1489.02 0.21073035
18 0.31 1489.33 0.2107742
19 0.13 1489.46 0.2107926
20 0.04 1489.5 0.21079825
21 0.03 1489.53 0.2108025
22 0.01 1489.54 0.21080392
