0 1 1 0.000142
1 2.29 3.29 0.00046577
2 9.78 13.07 0.00184976
3 25.32 38.39 0.00543309
4 70.18 108.57 0.01536517
5 159.86 268.43 0.03798902
6 280.41 548.84 0.0776734
7 350.2 899.04 0.12723468
8 304.93 1203.97 0.1703892
9 203.28 1407.25 0.19915797
10 113.1 1520.35 0.21516423
11 58.55 1578.9 0.22345033
12 27.87 1606.77 0.22739464
13 11.73 1618.5 0.22905465
14 4.88 1623.38 0.22974529
15 2.46 1625.84 0.23009344
16 0.77 1626.61 0.23020244
17 0.47 1627.08 0.23026895
18 0.11 1627.19 0.23028453
19 0.06 1627.25 0.23029302
20 0.02 1627.27 0.23029585
21 0 1627.27 0.23029585
