0 1 1 0.000142
1 3.21 4.21 0.00059598
2 10.26 14.47 0.0020479
3 27.22 41.69 0.00590014
4 70.91 112.6 0.01593547
5 157.28 269.88 0.03819423
6 266.39 536.27 0.07589445
7 322.91 859.18 0.12159361
8 289.76 1148.94 0.1626012
9 197.17 1346.11 0.19050528
10 118.38 1464.49 0.20725873
11 64.58 1529.07 0.21639832
12 33.91 1562.98 0.22119731
13 16.73 1579.71 0.22356503
14 7.32 1587.03 0.2246009
15 3.37 1590.4 0.22507786
16 1.61 1592.01 0.22530569
17 0.85 1592.86 0.225426
18 0.25 1593.11 0.22546136
19 0.11 1593.22 0.22547694
20 0 1593.22 0.22547694
