0 1 1 0.000142
1 8.42 9.42 0.00133315
2 19.23 28.65 0.00405461
3 54.83 83.48 0.01181434
4 133.62 217.1 0.03072457
5 265.5 482.6 0.06829887
6 382.5 865.1 0.12243139
7 379.59 1244.69 0.176152
8 262.09 1506.78 0.21324366
9 147.56 1654.34 0.23412681
10 73.13 1727.47 0.2444764
11 33.55 1761.02 0.24922444
12 14.87 1775.89 0.25132894
13 6.49 1782.38 0.25224738
14 3 1785.38 0.25267198
15 1.35 1786.73 0.25286304
16 0.7 1787.43 0.25296211
17 0.24 1787.67 0.25299608
18 0.13 1787.8 0.25301449
19 0.06 1787.86 0.25302299
20 0.03 1787.89 0.25302723
21 0.01 1787.9 0.25302865
