0 1 1 0.000142
1 3.04 4.04 0.00057191
2 10.46 14.5 0.00205212
3 28.58 43.08 0.00609681
4 73.06 116.14 0.01643648
5 169.87 286.01 0.04047697
6 296.82 582.83 0.08248376
7 359.65 942.48 0.13338242
8 302.79 1245.27 0.1762341
9 200.95 1446.22 0.20467309
10 114.2 1560.42 0.22083499
11 60.44 1620.86 0.22938864
12 30.57 1651.43 0.23371502
13 13.3 1664.73 0.23559726
14 6.11 1670.84 0.23646192
15 2.9 1673.74 0.23687239
16 1.33 1675.07 0.23706064
17 0.65 1675.72 0.23715261
18 0.32 1676.04 0.2371979
19 0.13 1676.17 0.2372163
20 0.05 1676.22 0.23722337
21 0.04 1676.26 0.23722904
22 0.01 1676.27 0.23723045
