0 1 1 0.000142
1 4.97 5.97 0.00084497
2 15.26 21.23 0.00300459
3 43.8 65.03 0.00920322
4 112.33 177.36 0.02510049
5 229.08 406.44 0.05752051
6 336.1 742.54 0.10508637
7 351.84 1094.38 0.15487974
8 279.57 1373.95 0.19444525
9 183.06 1557.01 0.22035241
10 105.1 1662.11 0.23522637
11 53.16 1715.27 0.24274984
12 25.86 1741.13 0.2464096
13 11.96 1753.09 0.24810217
14 5.72 1758.81 0.24891174
15 2.55 1761.36 0.2492726
16 1.16 1762.52 0.24943673
17 0.56 1763.08 0.24951601
18 0.28 1763.36 0.24955563
19 0.14 1763.5 0.24957543
20 0.02 1763.52 0.24957827
21 0.02 1763.54 0.2495811
22 0 1763.54 0.2495811
