0 1 1 0.000142
1 1.99 2.99 0.00042334
2 7.72 10.71 0.00151581
3 20.13 30.84 0.00436462
4 54.44 85.28 0.01206911
5 130.5 215.78 0.03053791
6 235.36 451.14 0.06384666
7 300.23 751.37 0.10633605
8 266.21 1017.58 0.14401083
9 183.65 1201.23 0.1700015
10 105.75 1306.98 0.18496753
11 54.71 1361.69 0.19271018
12 26.63 1388.32 0.19647898
13 11.86 1400.18 0.19815742
14 4.97 1405.15 0.19886082
15 2.38 1407.53 0.19919762
16 1.08 1408.61 0.19935044
17 0.51 1409.12 0.19942268
18 0.25 1409.37 0.19945804
19 0.05 1409.42 0.19946513
20 0.02 1409.44 0.19946796
21 0.01 1409.45 0.19946938
22 0 1409.45 0.19946938
23 0.01 1409.46 0.19947079
24 0.01 1409.47 0.19947221
25 0.01 1409.48 0.19947362
