0 1 1 0.000142
1 2.22 3.22 0.00045589
2 8.05 11.27 0.00159499
3 21.96 33.23 0.00470284
4 59.41 92.64 0.0131107
5 133.59 226.23 0.03201676
6 238.66 464.89 0.06579252
7 301.5 766.39 0.10846171
8 278 1044.39 0.14780506
9 198.37 1242.76 0.17587887
10 115.65 1358.41 0.19224601
11 58.75 1417.16 0.20056048
12 28.23 1445.39 0.20455566
13 12.19 1457.58 0.20628084
14 5.07 1462.65 0.20699836
15 2.58 1465.23 0.2073635
16 1.19 1466.42 0.20753189
17 0.35 1466.77 0.20758141
18 0.1 1466.87 0.20759556
19 0.02 1466.89 0.2075984
20 0.01 1466.9 0.20759981
21 0 1466.9 0.20759981
