0 1 1 0.000142
1 2.55 3.55 0.00050256
2 8.36 11.91 0.00168562
3 25.08 36.99 0.00523493
4 66.47 103.46 0.01464194
5 153.15 256.61 0.03631615
6 259.59 516.2 0.07305409
7 323.74 839.94 0.11887065
8 297.36 1137.3 0.16095389
9 215.92 1353.22 0.1915115
10 133.32 1486.54 0.21037928
11 76.78 1563.32 0.22124543
12 44.8 1608.12 0.22758557
13 24.85 1632.97 0.23110249
14 13.55 1646.52 0.23302005
15 6.59 1653.11 0.23395273
16 2.76 1655.87 0.23434334
17 1.18 1657.05 0.23451038
18 0.49 1657.54 0.23457971
19 0.12 1657.66 0.23459668
20 0.11 1657.77 0.23461227
21 0.07 1657.84 0.23462218
22 0.05 1657.89 0.23462925
23 0.02 1657.91 0.23463208
24 0.01 1657.92 0.2346335
25 0 1657.92 0.2346335
