0 1 1 0.000142
1 3.46 4.46 0.00063131
2 11.2 15.66 0.00221629
3 33.18 48.84 0.00691199
4 86.78 135.62 0.01919332
5 185.17 320.79 0.04539914
6 297.39 618.18 0.08748655
7 348.74 966.92 0.13684123
8 296.81 1263.73 0.17884659
9 193.53 1457.26 0.20623552
10 107.39 1564.65 0.22143363
11 53.7 1618.35 0.22903341
12 28.23 1646.58 0.23302859
13 15.07 1661.65 0.23516137
14 7.26 1668.91 0.23618884
15 3.78 1672.69 0.2367238
16 1.41 1674.1 0.23692336
17 0.64 1674.74 0.2370139
18 0.25 1674.99 0.2370493
19 0.1 1675.09 0.23706344
20 0.05 1675.14 0.23707052
21 0.02 1675.16 0.23707335
