0 1 1 0.000142
1 2.81 3.81 0.00053938
2 6.83 10.64 0.00150586
3 22.1 32.74 0.00463347
4 59.2 91.94 0.01301164
5 140.66 232.6 0.03291815
6 258.71 491.31 0.06953161
7 342.9 834.21 0.11805974
8 325.09 1159.3 0.16406735
9 232.41 1391.71 0.19695874
10 131.84 1523.55 0.21561709
11 67.67 1591.22 0.2251939
12 30.71 1621.93 0.22954006
13 14.36 1636.29 0.23157234
14 6.4 1642.69 0.23247806
15 2.8 1645.49 0.2328744
16 1.26 1646.75 0.23305264
17 0.65 1647.4 0.23314468
18 0.24 1647.64 0.23317864
19 0.07 1647.71 0.23318855
20 0.05 1647.76 0.23319563
21 0.04 1647.8 0.23320129
22 0.02 1647.82 0.23320412
23 0.01 1647.83 0.23320553
24 0 1647.83 0.23320553
