0 1 1 0.000142
1 1.97 2.97 0.00042052
2 7.94 10.91 0.00154411
3 20.66 31.57 0.00446795
4 56.46 88.03 0.01245832
5 127.46 215.49 0.03049679
6 225.55 441.04 0.06241727
7 293.7 734.74 0.1039825
8 279.64 1014.38 0.14355791
9 201.08 1215.46 0.17201536
10 117.52 1332.98 0.1886471
11 61.44 1394.42 0.19734223
12 27.82 1422.24 0.20127939
13 13.19 1435.43 0.20314607
14 5.78 1441.21 0.20396409
15 2.58 1443.79 0.20432924
16 1.02 1444.81 0.20447365
17 0.62 1445.43 0.20456137
18 0.16 1445.59 0.20458403
19 0.03 1445.62 0.20458828
20 0.02 1445.64 0.20459111
21 0 1445.64 0.20459111
