0 1 1 0.000142
1 2.6 3.6 0.00050963
2 8.46 12.06 0.00170683
3 25.19 37.25 0.00527176
4 68.49 105.74 0.01496462
5 155 260.74 0.03690065
6 262.99 523.73 0.07411976
7 318.32 842.05 0.11916923
8 287.61 1129.66 0.15987265
9 211.88 1341.54 0.18985851
10 137.81 1479.35 0.20936178
11 83.03 1562.38 0.22111237
12 42.79 1605.17 0.22716817
13 20.22 1625.39 0.23002975
14 8.91 1634.3 0.23129075
15 4.75 1639.05 0.23196298
16 2.02 1641.07 0.23224882
17 0.82 1641.89 0.23236484
18 0.43 1642.32 0.23242572
19 0.14 1642.46 0.23244552
20 0.06 1642.52 0.23245402
21 0.01 1642.53 0.23245543
22 0.01 1642.54 0.23245685
23 0 1642.54 0.23245685
