0 1 1 0.000142
1 5.96 6.96 0.00098508
2 18.1 25.06 0.00354659
3 47.23 72.29 0.01023068
4 115.84 188.13 0.02662471
5 228.54 416.67 0.05896829
6 337.34 754.01 0.10670959
7 361.15 1115.16 0.15782054
8 282.15 1397.31 0.19775122
9 174.35 1571.66 0.22242564
10 94.15 1665.81 0.23575008
11 45.11 1710.92 0.24213418
12 20.12 1731.04 0.24498165
13 9.18 1740.22 0.24628078
14 3.47 1743.69 0.24677186
15 1.64 1745.33 0.247004
16 0.58 1745.91 0.24708607
17 0.26 1746.17 0.24712289
18 0.04 1746.21 0.24712854
19 0 1746.21 0.24712854
