0 1 1 0.000142
1 3.54 4.54 0.00064265
2 12.58 17.12 0.00242289
3 38.18 55.3 0.00782626
4 97.11 152.41 0.02156951
5 206.45 358.86 0.05078689
6 327.72 686.58 0.09716669
7 366.77 1053.35 0.14907304
8 300.01 1353.36 0.1915313
9 196.47 1549.83 0.21933627
10 113.34 1663.17 0.23537646
11 58.89 1722.06 0.2437107
12 29.87 1751.93 0.24793799
13 13.82 1765.75 0.24989389
14 5.98 1771.73 0.25074019
15 2.82 1774.55 0.25113926
16 1.09 1775.64 0.25129353
17 0.56 1776.2 0.25137279
18 0.17 1776.37 0.25139685
19 0.08 1776.45 0.25140816
20 0.04 1776.49 0.25141382
21 0.04 1776.53 0.25141948
22 0.05 1776.58 0.25142656
23 0.02 1776.6 0.25142939
24 0.03 1776.63 0.25143363
25 0 1776.63 0.25143363
