0 1 1 0.000142
1 3.09 4.09 0.00057899
2 8.83 12.92 0.00182853
3 25.92 38.84 0.0054968
4 67.49 106.33 0.0150482
5 151.17 257.5 0.03644213
6 259.74 517.24 0.07320125
7 327.9 845.14 0.11960662
8 296.85 1141.99 0.16161764
9 202.49 1344.48 0.19027454
10 113.01 1457.49 0.20626806
11 55.34 1512.83 0.21409995
12 24.69 1537.52 0.21759412
13 10.73 1548.25 0.21911269
14 4.81 1553.06 0.21979341
15 2.21 1555.27 0.22010617
16 1.09 1556.36 0.22026048
17 0.41 1556.77 0.22031847
18 0.18 1556.95 0.22034395
19 0.02 1556.97 0.22034678
20 0.02 1556.99 0.22034961
21 0 1556.99 0.22034961
