0 1 1 0.000142
1 3.23 4.23 0.0005988
2 10.12 14.35 0.00203091
3 31.28 45.63 0.00645767
4 82.28 127.91 0.01810221
5 179.42 307.33 0.04349423
6 296.52 603.85 0.08545855
7 340.77 944.62 0.13368533
8 284.11 1228.73 0.17389329
9 188.4 1417.13 0.20055625
10 103.29 1520.42 0.21517408
11 54.82 1575.24 0.22293237
12 28.36 1603.6 0.22694592
13 13.14 1616.74 0.22880557
14 6 1622.74 0.22965464
15 2.45 1625.19 0.23000148
16 1.21 1626.4 0.23017268
17 0.46 1626.86 0.23023779
18 0.19 1627.05 0.23026468
19 0.06 1627.11 0.23027317
20 0.01 1627.12 0.23027459
