0 1 1 0.000142
1 5.04 6.04 0.00085488
2 12.51 18.55 0.00262524
3 39.28 57.83 0.00818426
4 100.71 158.54 0.022437
5 220.09 378.63 0.05358477
6 340.93 719.56 0.10183416
7 372.53 1092.09 0.15455562
8 292.21 1384.3 0.19590999
9 177.45 1561.75 0.2210232
10 92.61 1654.36 0.23412957
11 41.7 1696.06 0.24003109
12 18.8 1714.86 0.24269173
13 9.31 1724.17 0.24400928
14 4.2 1728.37 0.24460378
15 1.94 1730.31 0.24487826
16 0.69 1731 0.24497594
17 0.23 1731.23 0.24500847
18 0.18 1731.41 0.24503396
19 0.09 1731.5 0.24504668
20 0.03 1731.53 0.24505093
21 0 1731.53 0.24505093
