0 1 1 0.000142
1 3.69 4.69 0.00066391
2 10.9 15.59 0.00220638
3 29.92 45.51 0.00644073
4 80.77 126.28 0.01787155
5 173.27 299.55 0.04239319
6 288.28 587.83 0.08319134
7 350.43 938.26 0.13278518
8 310.26 1248.52 0.17669409
9 210.71 1459.23 0.20651427
10 116.07 1575.3 0.22294087
11 56.8 1632.1 0.23097932
12 24.97 1657.07 0.23451319
13 11.46 1668.53 0.23613504
14 5.28 1673.81 0.23688225
15 2.09 1675.9 0.2371781
16 1.01 1676.91 0.23732099
17 0.4 1677.31 0.23737759
18 0.24 1677.55 0.23741157
19 0.15 1677.7 0.23743279
20 0.1 1677.8 0.23744695
21 0.07 1677.87 0.23745685
22 0.01 1677.88 0.23745827
23 0.01 1677.89 0.23745968
24 0.02 1677.91 0.23746251
