0 1 1 0.000142
1 6.32 7.32 0.00103602
2 15.95 23.27 0.0032932
3 45.49 68.76 0.00973116999999999
4 113.01 181.77 0.02572464
5 235.84 417.61 0.05910136
6 356.52 774.13 0.109557
7 379.33 1153.46 0.16324081
8 290.2 1443.66 0.2043108
9 173.56 1617.22 0.22887351
10 90.83 1708.05 0.24172795
11 44.15 1752.2 0.24797622
12 19.68 1771.88 0.25076137
13 8.9 1780.78 0.25202099
14 4.02 1784.8 0.25258987
15 1.76 1786.56 0.25283897
16 0.71 1787.27 0.25293943
17 0.32 1787.59 0.25298475
18 0.11 1787.7 0.25300032
19 0.04 1787.74 0.25300596
20 0.04 1787.78 0.25301163
21 0.01 1787.79 0.25301304
22 0.03 1787.82 0.25301729
