0 1 1 0.000142
1 4.87 5.87 0.00083088
2 12.64 18.51 0.00261962
3 34.68 53.19 0.0075276
4 91.35 144.54 0.02045571
5 200.7 345.24 0.04885934
6 329.81 675.05 0.09553494
7 371.23 1046.28 0.14807246
8 302.41 1348.69 0.19087038
9 194.56 1543.25 0.21840503
10 110.49 1653.74 0.23404185
11 59.54 1713.28 0.24246818
12 30.64 1743.92 0.24680443
13 15.29 1759.21 0.24896827
14 6.61 1765.82 0.24990369
15 2.9 1768.72 0.25031418
16 1.08 1769.8 0.25046699
17 0.31 1770.11 0.25051088
18 0.11 1770.22 0.25052642
19 0.07 1770.29 0.25053633
20 0.05 1770.34 0.2505434
