0 1 1 0.000142
1 4.36 5.36 0.00075868
2 11.24 16.6 0.00234929
3 30.11 46.71 0.00661055
4 79.93 126.64 0.01792245
5 176.69 303.33 0.04292808
6 297.29 600.62 0.0850014
7 363.94 964.56 0.13650724
8 323.57 1288.13 0.18229977
9 227.93 1516.06 0.21455703
10 129.55 1645.61 0.23289135
11 65.81 1711.42 0.24220491
12 30.61 1742.03 0.24653696
13 13.69 1755.72 0.24847433
14 6.56 1762.28 0.24940276
15 2.82 1765.1 0.24980187
16 1.21 1766.31 0.2499731
17 0.48 1766.79 0.25004106
18 0.19 1766.98 0.25006795
19 0.05 1767.03 0.25007503
20 0.03 1767.06 0.25007928
21 0 1767.06 0.25007928
