0 1 1 0.000142
1 4.67 5.67 0.00080253
2 12.95 18.62 0.00263519
3 37.66 56.28 0.00796496
4 95.31 151.59 0.02145344
5 203.26 354.85 0.05021936
6 322.72 677.57 0.09589158
7 357.58 1035.15 0.14649735
8 285.84 1320.99 0.18695018
9 182.95 1503.94 0.21284179
10 104.02 1607.96 0.22756301
11 55.3 1663.26 0.23538922
12 26.04 1689.3 0.23907444
13 12.52 1701.82 0.24084631
14 5.48 1707.3 0.2416219
15 2.58 1709.88 0.24198699
16 0.89 1710.77 0.24211298
17 0.38 1711.15 0.24216676
18 0.31 1711.46 0.24221061
19 0.22 1711.68 0.24224175
20 0.05 1711.73 0.24224881
21 0.03 1711.76 0.24225306
22 0.01 1711.77 0.24225447
23 0 1711.77 0.24225447
