0 1 1 0.000142
1 1.69 2.69 0.00038091
2 6.31 9 0.00127385
3 17.5 26.5 0.00375041
4 49.79 76.29 0.0107969
5 115.15 191.44 0.02709318
6 209.14 400.58 0.05669129
7 279.95 680.53 0.09631057
8 270.27 950.8 0.13455992
9 201.65 1152.45 0.16309799
10 127.27 1279.72 0.18110957
11 70.95 1350.67 0.19115066
12 36.09 1386.76 0.19625825
13 17.63 1404.39 0.19875328
14 7.6 1411.99 0.19982883
15 3.31 1415.3 0.20029732
16 1.67 1416.97 0.20053359
17 0.75 1417.72 0.20063975
18 0.34 1418.06 0.20068787
19 0.21 1418.27 0.2007176
20 0.09 1418.36 0.20073033
21 0.02 1418.38 0.20073316
22 0.04 1418.42 0.20073881
23 0 1418.42 0.20073881
