0 1 1 0.000142
1 7.64 8.64 0.00122283
2 16.06 24.7 0.00349565
3 49.98 74.68 0.0105689
4 122.44 197.12 0.02789695
5 249.58 446.7 0.06321819
6 367.89 814.59 0.11528305
7 376.12 1190.71 0.16851259
8 278.1 1468.81 0.20787007
9 161.78 1630.59 0.23076558
10 80.68 1711.27 0.24218372
11 38.84 1750.11 0.24768043
12 19.79 1769.9 0.2504812
13 9.27 1779.17 0.2517931
14 4.35 1783.52 0.25240871
15 2.23 1785.75 0.25272428
16 1.16 1786.91 0.25288843
17 0.5 1787.41 0.25295922
18 0.21 1787.62 0.25298892
19 0.08 1787.7 0.25300024
20 0.01 1787.71 0.25300166
21 0 1787.71 0.25300166
