0 1 1 0.000142
1 4.02 5.02 0.00071056
2 11.95 16.97 0.00240169
3 33.76 50.73 0.00717948
4 84.88 135.61 0.01919191
5 185.21 320.82 0.04540334
6 316.29 637.11 0.0901656
7 369.33 1006.44 0.14243422
8 312.26 1318.7 0.18662609
9 199.62 1518.32 0.21487689
10 110.67 1628.99 0.23053918
11 55.87 1684.86 0.23844613
12 27.77 1712.63 0.2423762
13 13.02 1725.65 0.24421882
14 5.47 1731.12 0.2449929
15 2.23 1733.35 0.24530858
16 1.27 1734.62 0.2454883
17 0.55 1735.17 0.24556611
18 0.31 1735.48 0.24561
19 0.08 1735.56 0.24562131
20 0.02 1735.58 0.24562414
21 0 1735.58 0.24562414
