0 1 1 0.000142
1 2.34 3.34 0.00047283
2 8.89 12.23 0.00173089
3 25.34 37.57 0.00531709
4 66.09 103.66 0.01467026
5 148.15 251.81 0.03563687
6 251.95 503.76 0.07129354
7 315.5 819.26 0.11594396
8 290.98 1110.24 0.15712427
9 208.59 1318.83 0.18664451
10 129.45 1448.28 0.20496466
11 74.45 1522.73 0.21550101
12 37.93 1560.66 0.22086904
13 17.62 1578.28 0.22336255
14 8.24 1586.52 0.22452873
15 3.6 1590.12 0.22503822
16 1.54 1591.66 0.22525616
17 0.73 1592.39 0.22535945
18 0.23 1592.62 0.22539201
19 0.14 1592.76 0.22541183
20 0.04 1592.8 0.22541749
21 0.01 1592.81 0.22541891
22 0.01 1592.82 0.22542032
23 0 1592.82 0.22542032
