0 1 1 0.000142
1 2.57 3.57 0.0005054
2 8.23 11.8 0.00167001
3 22.61 34.41 0.00486985
4 60.29 94.7 0.01340224
5 134.06 228.76 0.03237478
6 236.17 464.93 0.0657982
7 296.39 761.32 0.10774411
8 282.84 1044.16 0.14777251
9 211.53 1255.69 0.17770877
10 133.72 1389.41 0.19663319
11 69.68 1459.09 0.20649456
12 33.85 1492.94 0.21128505
13 16.57 1509.51 0.21363009
14 8.88 1518.39 0.2148868
15 6.49 1524.88 0.21580535
16 5.28 1530.16 0.21655255
17 3.17 1533.33 0.21700118
18 1.69 1535.02 0.21724034
19 0.66 1535.68 0.21733376
20 0.39 1536.07 0.21738895
21 0.19 1536.26 0.21741584
22 0.08 1536.34 0.21742715
23 0.06 1536.4 0.21743565
24 0.03 1536.43 0.2174399
25 0.01 1536.44 0.21744132
26 0 1536.44 0.21744132
