0 1 1 0.000142
1 2.39 3.39 0.0004799
2 8.75 12.14 0.00171817
3 23.91 36.05 0.00510191
4 66.06 102.11 0.01445093
5 153.4 255.51 0.03616048
6 265.15 520.66 0.07368527
7 331.07 851.73 0.12053923
8 299.58 1151.31 0.1629366
9 206.25 1357.56 0.19212567
10 116.41 1473.97 0.20860036
11 60.64 1534.61 0.2171823
12 30.62 1565.23 0.22151576
13 14.49 1579.72 0.22356636
14 6.44 1586.16 0.22447777
15 3.08 1589.24 0.22491366
16 1.28 1590.52 0.22509481
17 0.55 1591.07 0.22517267
18 0.27 1591.34 0.22521085
19 0.13 1591.47 0.22522926
20 0.02 1591.49 0.22523209
21 0.01 1591.5 0.2252335
22 0 1591.5 0.2252335
