0 1 1 0.000142
1 7.68 8.68 0.00122845
2 19.38 28.06 0.00397112
3 53.81 81.87 0.01158647
4 127.46 209.33 0.02962494
5 256.64 465.97 0.06594541
6 367.86 833.83 0.11800593
7 370.04 1203.87 0.17037508
8 265.87 1469.74 0.20800173
9 157.72 1627.46 0.23032268
10 81.43 1708.89 0.24184683
11 39.43 1748.32 0.24742707
12 18.13 1766.45 0.24999293
13 7.93 1774.38 0.25111518
14 3.69 1778.07 0.25163746
15 1.61 1779.68 0.25186532
16 0.89 1780.57 0.25199127
17 0.43 1781 0.25205213
18 0.14 1781.14 0.25207194
19 0.13 1781.27 0.25209034
20 0.02 1781.29 0.25209316
21 0.01 1781.3 0.25209457
22 0.01 1781.31 0.25209599
