0 1 1 0.000142
1 3.49 4.49 0.0006356
2 12.86 17.35 0.00245548
3 34.69 52.04 0.00736489
4 89.16 141.2 0.01998303
5 190.04 331.24 0.046878
6 303.65 634.89 0.08985141
7 344.78 979.67 0.13864563
8 278.72 1258.39 0.17809084
9 180.99 1439.38 0.20370504
10 99.91 1539.29 0.21784462
11 50.07 1589.36 0.22493064
12 26.1 1615.46 0.22862441
13 14.27 1629.73 0.23064393
14 7.69 1637.42 0.23173224
15 3.41 1640.83 0.23221486
16 1.78 1642.61 0.23246675
17 0.64 1643.25 0.23255732
18 0.25 1643.5 0.23259272
19 0.11 1643.61 0.23260828
20 0.02 1643.63 0.23261112
21 0 1643.63 0.23261112
