0 1 1 0.000142
1 2.44 3.44 0.000487
2 8.77 12.21 0.0017281
3 26.83 39.04 0.0055251
4 71.04 110.08 0.01557889
5 155.81 265.89 0.03762953
6 257.99 523.88 0.07414101
7 307.02 830.9 0.11759132
8 276.44 1107.34 0.15671387
9 204.16 1311.5 0.18560715
10 131 1442.5 0.2041467
11 71.45 1513.95 0.2142585
12 33.93 1547.88 0.21906038
13 15.38 1563.26 0.22123694
14 6.92 1570.18 0.2222163
15 3.22 1573.4 0.22267193
16 1.08 1574.48 0.22282484
17 0.53 1575.01 0.22289984
18 0.27 1575.28 0.22293804
19 0.11 1575.39 0.22295361
20 0.09 1575.48 0.22296633
21 0.05 1575.53 0.22297341
22 0.01 1575.54 0.22297483
