0 1 1 0.000142
1 3.73 4.73 0.00066953
2 12.3 17.03 0.00241018
3 35.48 52.51 0.00743137
4 90.31 142.82 0.02021232
5 194.22 337.04 0.04769885
6 312.27 649.31 0.09189222
7 361.89 1011.2 0.14310785
8 301.89 1313.09 0.18583216
9 197.98 1511.07 0.21385081
10 108.21 1619.28 0.22916501
11 53.15 1672.43 0.23668694
12 24.21 1696.64 0.2401132
13 10.8 1707.44 0.24164164
14 4.91 1712.35 0.24233655
15 2.22 1714.57 0.24265075
16 1.01 1715.58 0.2427937
17 0.42 1716 0.24285314
18 0.13 1716.13 0.24287152
19 0.06 1716.19 0.24288002
20 0.04 1716.23 0.24288568
21 0 1716.23 0.24288568
