0 1 1 0.000142
1 3.08 4.08 0.0005776
2 12.05 16.13 0.00228278
3 32.49 48.62 0.00688087
4 83.06 131.68 0.01863572
5 183.48 315.16 0.04460233
6 302.22 617.38 0.08737333
7 344.09 961.47 0.13606998
8 282.34 1243.81 0.17602744
9 182.76 1426.57 0.20189217
10 100.86 1527.43 0.21616615
11 51.84 1579.27 0.22350269
12 24.34 1603.61 0.22694742
13 10.84 1614.45 0.22848153
14 5.24 1619.69 0.22922309
15 2.19 1621.88 0.22953301
16 1 1622.88 0.22967454
17 0.5 1623.38 0.22974529
18 0.23 1623.61 0.22977784
19 0.11 1623.72 0.2297934
20 0.04 1623.76 0.22979906
21 0.04 1623.8 0.22980472
22 0.01 1623.81 0.22980613
23 0.01 1623.82 0.22980755
24 0 1623.82 0.22980755
