0 1 1 0.000142
1 2.77 3.77 0.00053368
2 9.14 12.91 0.00182712
3 25.99 38.9 0.00550522
4 68.76 107.66 0.01523636
5 154.63 262.29 0.03712004
6 268.04 530.33 0.0750538
7 331.78 862.11 0.12200819
8 303.54 1165.65 0.16496603
9 217.22 1382.87 0.19570765
10 129.89 1512.76 0.21409002
11 66.86 1579.62 0.22355222
12 31.61 1611.23 0.22802582
13 14.93 1626.16 0.23013876
14 6.2 1632.36 0.23101613
15 2.49 1634.85 0.23136853
16 1.13 1635.98 0.23152849
17 0.39 1636.37 0.23158365
18 0.19 1636.56 0.23161053
19 0.04 1636.6 0.2316162
20 0.02 1636.62 0.23161903
