0 1 1 0.000142
1 3.4 4.4 0.00062284
2 9.72 14.12 0.00199835
3 27.43 41.55 0.00588025
4 74.65 116.2 0.01644496
5 164.16 280.36 0.03967734
6 278.39 558.75 0.07907588
7 334.63 893.38 0.1264337
8 300.36 1193.74 0.16894141
9 213.06 1406.8 0.19909429
10 130.47 1537.27 0.21755874
11 72.62 1609.89 0.22783613
12 37.87 1647.76 0.23319561
13 18.31 1666.07 0.23578688
14 8.01 1674.08 0.23692045
15 3.6 1677.68 0.23742997
16 1.4 1679.08 0.23762806
17 0.61 1679.69 0.23771442
18 0.23 1679.92 0.23774697
19 0.09 1680.01 0.2377597
20 0.04 1680.05 0.23776537
21 0.02 1680.07 0.2377682
22 0 1680.07 0.2377682
23 0.01 1680.08 0.23776961
