0 1 1 0.000142
1 2.05 3.05 0.00043178
2 8.36 11.41 0.00161488
3 22.09 33.5 0.00474108
4 58.53 92.03 0.0130244
5 132.83 224.86 0.03182284
6 235.42 460.28 0.06514024
7 306.66 766.94 0.10853952
8 301.74 1068.68 0.15124261
9 230.81 1299.49 0.18390748
10 144.37 1443.86 0.20433913
11 80.56 1524.42 0.21574022
12 39.87 1564.29 0.22138269
13 19.53 1583.82 0.22414669
14 7.99 1591.81 0.22527745
15 3.62 1595.43 0.22578972
16 1.62 1597.05 0.22601904
17 0.55 1597.6 0.22609683
18 0.33 1597.93 0.22614354
19 0.15 1598.08 0.22616476
20 0.06 1598.14 0.22617326
21 0.01 1598.15 0.22617467
22 0.02 1598.17 0.2261775
23 0.01 1598.18 0.22617892
24 0.01 1598.19 0.22618033
25 0.01 1598.2 0.22618175
26 0 1598.2 0.22618175
