0 1 1 0.000142
1 5.75 6.75 0.0009554
2 14.55 21.3 0.00301444
3 40.45 61.75 0.00873903
4 102.97 164.72 0.02331167
5 219.73 384.45 0.05440847
6 336.91 721.36 0.10208885
7 369.26 1090.62 0.1543476
8 288.5 1379.12 0.19517691
9 183.73 1562.85 0.22117886
10 103.21 1666.06 0.23578548
11 52.42 1718.48 0.24320406
12 24.96 1743.44 0.24673648
13 10.9 1754.34 0.24827906
14 5.04 1759.38 0.24899235
15 2.34 1761.72 0.24932352
16 1.02 1762.74 0.24946783
17 0.5 1763.24 0.24953862
18 0.17 1763.41 0.24956268
19 0.03 1763.44 0.24956693
20 0.03 1763.47 0.24957118
21 0.02 1763.49 0.24957401
22 0 1763.49 0.24957401
