0 1 1 0.000142
1 2.95 3.95 0.00055918
2 11.72 15.67 0.00221764
3 30.77 46.44 0.00657234
4 85.17 131.61 0.01862584
5 182.78 314.39 0.04449337
6 301.95 616.34 0.08722616
7 358.5 974.84 0.13796211
8 300.85 1275.69 0.18053926
9 198.44 1474.13 0.20862303
10 111.18 1585.31 0.22435751
11 53.24 1638.55 0.23189223
12 25.05 1663.6 0.23543729
13 11.08 1674.68 0.2370054
14 5.05 1679.73 0.23772011
15 2.27 1682 0.23804134
16 0.82 1682.82 0.23815736
17 0.37 1683.19 0.23820973
18 0.18 1683.37 0.2382352
19 0.14 1683.51 0.23825503
20 0.04 1683.55 0.23826069
21 0.01 1683.56 0.2382621
22 0.01 1683.57 0.23826352
23 0 1683.57 0.23826352
24 0.01 1683.58 0.23826493
25 0.01 1683.59 0.23826635
