0 1 1 0.000142
1 2.71 3.71 0.000525189999999999
2 9 12.71 0.00179871
3 26.68 39.39 0.00557464
4 73.07 112.46 0.01591569
5 162.41 274.87 0.03890039
6 272.87 547.74 0.07751771
7 333.15 880.89 0.12466605
8 300.6 1181.49 0.16720773
9 206.66 1388.15 0.19645482
10 120.4 1508.55 0.21349421
11 66.28 1574.83 0.22287436
12 35.44 1610.27 0.22788992
13 17.16 1627.43 0.23031841
14 7.33 1634.76 0.23135581
15 3.54 1638.3 0.23185678
16 1.39 1639.69 0.23205348
17 0.51 1640.2 0.23212569
18 0.33 1640.53 0.23217238
19 0.12 1640.65 0.23218934
20 0.03 1640.68 0.2321936
21 0.01 1640.69 0.23219501
22 0 1640.69 0.23219501
