0 1 1 0.000142
1 2.3 3.3 0.00046722
2 8.62 11.92 0.00168708
3 23.59 35.51 0.00502558
4 65.79 101.3 0.01433634
5 149.81 251.11 0.03553781
6 263.62 514.73 0.07284611
7 326.96 841.69 0.11911835
8 287.84 1129.53 0.1598543
9 198.89 1328.42 0.18800174
10 111.29 1439.71 0.20375182
11 55.95 1495.66 0.21167003
12 25.02 1520.68 0.21521091
13 11.3 1531.98 0.21681013
14 5.29 1537.27 0.21755878
15 2.45 1539.72 0.2179055
16 1.21 1540.93 0.21807678
17 0.47 1541.4 0.21814329
18 0.19 1541.59 0.21817016
19 0.07 1541.66 0.21818007
20 0.09 1541.75 0.2181928
21 0.02 1541.77 0.21819563
22 0 1541.77 0.21819563
