0 1 1 0.000142
1 4.18 5.18 0.00073319
2 11.54 16.72 0.00236628
3 33.35 50.07 0.00708605
4 84.42 134.49 0.01903338
5 189.5 323.99 0.04585196
6 316.48 640.47 0.09064107
7 371.84 1012.31 0.14326493
8 317.27 1329.58 0.18816592
9 210.58 1540.16 0.21796772
10 116.04 1656.2 0.23439006
11 56.23 1712.43 0.24234789
12 27.39 1739.82 0.24622417
13 11.57 1751.39 0.24786158
14 5.58 1756.97 0.24865128
15 2.54 1759.51 0.24901072
16 1.05 1760.56 0.24915929
17 0.43 1760.99 0.24922018
18 0.25 1761.24 0.24925554
19 0.09 1761.33 0.24926829
20 0.09 1761.42 0.24928102
21 0.04 1761.46 0.24928668
22 0.02 1761.48 0.24928951
23 0.01 1761.49 0.24929092
24 0 1761.49 0.24929092
