0 1 1 0.000142
1 6.68 7.68 0.00108698
2 16.38 24.06 0.00340501
3 43.86 67.92 0.0096122
4 110.03 177.95 0.02518397
5 233.39 411.34 0.05821399
6 353.72 765.06 0.10827341
7 374.42 1139.48 0.16126232
8 286.13 1425.61 0.20175631
9 175.93 1601.54 0.22665441
10 95.61 1697.15 0.24018537
11 50.36 1747.51 0.24731245
12 23.25 1770.76 0.25060283
13 10.57 1781.33 0.25209873
14 4.31 1785.64 0.25270877
15 1.87 1787.51 0.25297338
16 0.73 1788.24 0.2530767
17 0.27 1788.51 0.2531149
18 0.12 1788.63 0.25313188
19 0.03 1788.66 0.25313613
20 0.01 1788.67 0.25313754
21 0.01 1788.68 0.25313896
22 0 1788.68 0.25313896
