0 1 1 0.000142
1 4.39 5.39 0.000762899999999999
2 12.76 18.15 0.00256866
3 39.86 58.01 0.00820977
4 99.44 157.45 0.02228277
5 214.04 371.49 0.05257429
6 339.15 710.64 0.10057177
7 371 1081.64 0.15307673
8 294.24 1375.88 0.19471844
9 182.39 1558.27 0.22053072
10 94.74 1653.01 0.23393858
11 43.31 1696.32 0.24006792
12 19.44 1715.76 0.24281916
13 8.35 1724.11 0.24400086
14 3.54 1727.65 0.24450186
15 1.58 1729.23 0.24472548
16 0.52 1729.75 0.24479907
17 0.11 1729.86 0.24481464
18 0.08 1729.94 0.24482595
19 0.03 1729.97 0.2448302
