0 1 1 0.000142
1 3.81 4.81 0.00068086
2 13.08 17.89 0.00253189
3 36.01 53.9 0.00762811
4 92.52 146.42 0.02072181
5 197.84 344.26 0.04872063
6 314.63 658.89 0.09324791
7 354.76 1013.65 0.1434546
8 289.79 1303.44 0.18446646
9 190.34 1493.78 0.21140388
10 108.85 1602.63 0.2268087
11 56.6 1659.23 0.23481889
12 27.77 1687 0.23874896
13 12.97 1699.97 0.24058457
14 5.9 1705.87 0.24141955
15 2.66 1708.53 0.24179593
16 1.37 1709.9 0.24198986
17 0.51 1710.41 0.24206206
18 0.18 1710.59 0.2420875
19 0.09 1710.68 0.24210024
20 0.07 1710.75 0.24211014
21 0.06 1710.81 0.24211863
22 0.01 1710.82 0.24212004
