0 1 1 0.000142
1 5.25 6.25 0.00088458
2 14.52 20.77 0.00293944
3 43.91 64.68 0.00915372
4 110.1 174.78 0.02473538
5 229.99 404.77 0.05728414
6 352.98 757.75 0.10723888
7 379.82 1137.57 0.16099209
8 299.43 1437 0.20336826
9 182.38 1619.38 0.2291791
10 93.35 1712.73 0.24239031
11 43.09 1755.82 0.24848854
12 19.05 1774.87 0.25118452
13 8.17 1783.04 0.25234076
14 3.46 1786.5 0.25283046
15 1.76 1788.26 0.25307952
16 0.86 1789.12 0.25320119
17 0.38 1789.5 0.253255
18 0.17 1789.67 0.25327906
19 0.04 1789.71 0.25328471
20 0.02 1789.73 0.25328754
21 0.01 1789.74 0.25328896
22 0.01 1789.75 0.25329037
