0 1 1 0.000142
1 2.65 3.65 0.00051674
2 9.45 13.1 0.00185398
3 26.17 39.27 0.00555763
4 66.8 106.07 0.01501135
5 149.63 255.7 0.03618743
6 253.64 509.34 0.07208324
7 313.66 823 0.11647327
8 279.41 1102.41 0.15601615
9 195.81 1298.22 0.18372777
10 112.65 1410.87 0.1996703
11 57.66 1468.53 0.20783046
12 27.74 1496.27 0.2117563
13 13.04 1509.31 0.21360177
14 5.42 1514.73 0.21436879
15 2.75 1517.48 0.21475804
16 1.1 1518.58 0.21491368
17 0.46 1519.04 0.21497879
18 0.18 1519.22 0.21500426
19 0.05 1519.27 0.21501133
20 0.01 1519.28 0.21501274
21 0.02 1519.3 0.21501557
22 0.02 1519.32 0.2150184
23 0.02 1519.34 0.21502124
