0 1 1 0.000142
1 2.13 3.13 0.00044316
2 7.5 10.63 0.00150449
3 18.93 29.56 0.00418345
4 53.45 83.01 0.0117479
5 118.84 201.85 0.02856646
6 212.45 414.3 0.05863296
7 284.99 699.29 0.09896552
8 280.8 980.09 0.13870513
9 213.78 1193.87 0.16895983
10 131.93 1325.8 0.18763094
11 70.83 1396.63 0.19765504
12 34.41 1431.04 0.2025248
13 15.42 1446.46 0.20470709
14 6.84 1453.3 0.20567514
15 3.31 1456.61 0.20614357
16 1.54 1458.15 0.20636152
17 0.56 1458.71 0.20644073
18 0.26 1458.97 0.20647752
19 0.08 1459.05 0.20648886
20 0.04 1459.09 0.20649452
21 0 1459.09 0.20649452
