0 1 1 0.000142
1 2.99 3.99 0.00056482
2 11.83 15.82 0.00223889
3 34.16 49.98 0.00707337
4 88.62 138.6 0.01961512
5 188.72 327.32 0.04632327
6 306.88 634.2 0.08975373
7 352.1 986.3 0.13958392
8 288.57 1274.87 0.18042317
9 191.03 1465.9 0.20745823
10 107.64 1573.54 0.22269174
11 54.2 1627.74 0.23036229
12 25.67 1653.41 0.23399521
13 11.44 1664.85 0.23561417
14 5.2 1670.05 0.23635019
15 2.49 1672.54 0.23670252
16 1.28 1673.82 0.23688367
17 0.4 1674.22 0.23694032
18 0.27 1674.49 0.23697852
19 0.07 1674.56 0.23698843
20 0.03 1674.59 0.23699268
21 0 1674.59 0.23699268
