0 1 1 0.000142
1 2.06 3.06 0.00043321
2 6.76 9.82 0.00138987
3 19.1 28.92 0.00409296
4 52.5 81.42 0.01152284
5 122.95 204.37 0.02892304
6 223.56 427.93 0.06056189
7 302.86 730.79 0.10342349
8 295.24 1026.03 0.14520667
9 216.3 1242.33 0.17581811
10 130.23 1372.56 0.19424858
11 67.73 1440.29 0.2038339
12 33.19 1473.48 0.20853106
13 15.25 1488.73 0.21068932
14 7.18 1495.91 0.21170538
15 3.15 1499.06 0.21215123
16 1.44 1500.5 0.21235501
17 0.75 1501.25 0.21246116
18 0.32 1501.57 0.21250641
19 0.1 1501.67 0.21252058
20 0.03 1501.7 0.21252483
21 0 1501.7 0.21252483
