0 1 1 0.000142
1 3.43 4.43 0.0006271
2 11.07 15.5 0.00219364
3 31.27 46.77 0.0066191
4 84.43 131.2 0.01856783
5 184.06 315.26 0.04461652
6 296.03 611.29 0.08651147
7 337.23 948.52 0.13423717
8 281.03 1229.55 0.17400932
9 195.21 1424.76 0.20163603
10 118.59 1543.35 0.21841919
11 64.7 1608.05 0.22757573
12 31.93 1639.98 0.23209452
13 14.54 1654.52 0.23415225
14 6.58 1661.1 0.23508353
15 3.19 1664.29 0.23553496
16 1.28 1665.57 0.23571611
17 0.68 1666.25 0.23581236
18 0.3 1666.55 0.2358548
19 0.13 1666.68 0.2358732
20 0.06 1666.74 0.2358817
21 0.02 1666.76 0.23588453
22 0.01 1666.77 0.23588594
