0 1 1 0.000142
1 3.65 4.65 0.0006582
2 11.57 16.22 0.00229555
3 32.33 48.55 0.00687099
4 83.43 131.98 0.01867823
5 185.14 317.12 0.0448797
6 314.68 631.8 0.0894141
7 363.43 995.23 0.14084772
8 302.16 1297.39 0.18361021
9 199.04 1496.43 0.21177893
10 114.36 1610.79 0.22796346
11 62.89 1673.68 0.23686392
12 37 1710.68 0.24210022
13 24.53 1735.21 0.24557176
14 15.37 1750.58 0.247747
15 7.87 1758.45 0.24886078
16 4.01 1762.46 0.24942824
17 1.81 1764.27 0.24968443
18 0.9 1765.17 0.24981181
19 0.46 1765.63 0.2498769
20 0.22 1765.85 0.24990805
21 0.08 1765.93 0.24991936
22 0 1765.93 0.24991936
