0 1 1 0.000142
1 5.72 6.72 0.00095114
2 16.05 22.77 0.00322248
3 41.12 63.89 0.00904194
4 105.84 169.73 0.02402067
5 216.13 385.86 0.054608
6 334.28 720.14 0.1019162
7 355.44 1075.58 0.15221903
8 275.95 1351.53 0.19127229
9 171.2 1522.73 0.21550096
10 92.2 1614.93 0.2285494
11 46.95 1661.88 0.23519393
12 22.89 1684.77 0.23843335
13 10.34 1695.11 0.2398967
14 4.88 1699.99 0.24058734
15 2.33 1702.32 0.24091706
16 1.06 1703.38 0.24106708
17 0.52 1703.9 0.24114067
18 0.25 1704.15 0.24117606
19 0.07 1704.22 0.24118597
20 0.05 1704.27 0.24119304
21 0.03 1704.3 0.24119729
22 0.01 1704.31 0.2411987
23 0 1704.31 0.2411987
