0 1 1 0.000142
1 4.89 5.89 0.00083368
2 13.48 19.37 0.00274131
3 38.37 57.74 0.00817158
4 96.55 154.29 0.02183552
5 206.47 360.76 0.05105577
6 317.17 677.93 0.09594255
7 353.02 1030.95 0.1459029
8 286.69 1317.64 0.18647605
9 189.88 1507.52 0.21334845
10 109.95 1617.47 0.22890887
11 58.54 1676.01 0.23719363
12 27.79 1703.8 0.24112655
13 13.58 1717.38 0.24304839
14 6.22 1723.6 0.2439287
15 2.61 1726.21 0.24429808
16 1.31 1727.52 0.24448351
17 0.51 1728.03 0.24455565
18 0.19 1728.22 0.24458255
19 0.1 1728.32 0.2445967
20 0.03 1728.35 0.24460095
21 0 1728.35 0.24460095
