0 1 1 0.000142
1 15.63 16.63 0.00235344
2 37.6 54.23 0.00767484
3 103.55 157.78 0.02232944
4 224.73 382.51 0.05413389
5 369.97 752.48 0.10649309
6 406.84 1159.32 0.16407019
7 299.93 1459.25 0.2065171
8 171.11 1630.36 0.23073306
9 83.19 1713.55 0.24250639
10 36.9 1750.45 0.24772856
11 16.21 1766.66 0.25002263
12 7.21 1773.87 0.25104305
13 3.22 1777.09 0.25149872
14 1.26 1778.35 0.25167702
15 0.53 1778.88 0.25175202
16 0.27 1779.15 0.2517902
17 0.19 1779.34 0.25181709
18 0.04 1779.38 0.25182275
19 0.04 1779.42 0.25182841
20 0.01 1779.43 0.25182983
21 0 1779.43 0.25182983
