0 1 1 0.000142
1 3.68 4.68 0.00066248
2 11.32 16 0.00226438
3 30.49 46.49 0.00657939
4 80.69 127.18 0.01799891
5 177.92 305.1 0.04317862
6 297.97 603.07 0.08534816
7 351.83 954.9 0.13514013
8 303.38 1258.28 0.17807529
9 203.27 1461.55 0.2068427
10 118.92 1580.47 0.22367256
11 60.25 1640.72 0.23219926
12 30.06 1670.78 0.23645349
13 12.97 1683.75 0.23828906
14 5.61 1689.36 0.23908293
15 2.35 1691.71 0.23941554
16 0.88 1692.59 0.23954007
17 0.36 1692.95 0.23959101
18 0.19 1693.14 0.2396179
19 0.08 1693.22 0.23962922
20 0.03 1693.25 0.23963346
21 0 1693.25 0.23963346
