0 1 1 0.000142
1 3.89 4.89 0.00069221
2 12.91 17.8 0.00251913
3 35.33 53.13 0.00751911
4 90.31 143.44 0.02030004
5 194.63 338.07 0.04784465
6 311.92 649.99 0.09198833
7 355.18 1005.17 0.14225446
8 296.59 1301.76 0.18422871
9 195.12 1496.88 0.21184261
10 109.53 1606.41 0.22734357
11 53.82 1660.23 0.23496035
12 24.36 1684.59 0.23840792
13 10.71 1695.3 0.23992361
14 4.77 1700.07 0.24059866
15 2.21 1702.28 0.24091137
16 0.92 1703.2 0.2410416
17 0.42 1703.62 0.24110105
18 0.22 1703.84 0.24113219
19 0.11 1703.95 0.24114777
20 0.05 1704 0.24115486
21 0.01 1704.01 0.24115627
22 0 1704.01 0.24115627
