0 1 1 0.000142
1 2.45 3.45 0.00048842
2 9.68 13.13 0.00185825
3 28.41 41.54 0.00587892
4 72.98 114.52 0.01620723
5 157.17 271.69 0.03845032
6 258.35 530.04 0.07501277
7 320.24 850.28 0.12033397
8 300.31 1150.59 0.16283471
9 212.85 1363.44 0.19295791
10 124.75 1488.19 0.21061283
11 62.51 1550.7 0.21945942
12 30.45 1581.15 0.22376878
13 13.41 1594.56 0.2256666
14 5.88 1600.44 0.22649879
15 2.45 1602.89 0.22684553
16 0.97 1603.86 0.22698279
17 0.4 1604.26 0.22703941
18 0.13 1604.39 0.22705779
19 0.02 1604.41 0.22706062
20 0 1604.41 0.22706062
