0 1 1 0.000142
1 2.1 3.1 0.00043889
2 6.3 9.4 0.00133041
3 18.38 27.78 0.00393152
4 50.92 78.7 0.01113791
5 121.8 200.5 0.02837535
6 224.35 424.85 0.06012601
7 297.84 722.69 0.10227716
8 284.94 1007.63 0.14260263
9 207.81 1215.44 0.17201252
10 122.21 1337.65 0.18930799
11 65.37 1403.02 0.1985593
12 32.5 1435.52 0.20315879
13 15.31 1450.83 0.20532555
14 7.57 1458.4 0.20639686
15 3.29 1461.69 0.20686245
16 1.28 1462.97 0.20704362
17 0.57 1463.54 0.20712432
18 0.22 1463.76 0.20715544
19 0.13 1463.89 0.20717385
20 0.05 1463.94 0.20718092
21 0.03 1463.97 0.20718517
22 0.02 1463.99 0.207188
23 0.01 1464 0.20718942
24 0.01 1464.01 0.20719083
25 0.03 1464.04 0.20719508
26 0 1464.04 0.20719508
