0 1 1 0.000142
1 3.57 4.57 0.0006469
2 13.79 18.36 0.00259837
3 36.77 55.13 0.00780218
4 96.26 151.39 0.02142517
5 202.9 354.29 0.05014013
6 314.77 669.06 0.09468724
7 350 1019.06 0.14422024
8 285.35 1304.41 0.18460379
9 182.28 1486.69 0.21040052
10 102.98 1589.67 0.22497454
11 54.45 1644.12 0.23268039
12 27.62 1671.74 0.23658929
13 13.24 1684.98 0.23846308
14 6.42 1691.4 0.23937164
15 2.79 1694.19 0.23976647
16 1.52 1695.71 0.23998162
17 0.65 1696.36 0.24007361
18 0.36 1696.72 0.24012455
19 0.11 1696.83 0.24014012
20 0.04 1696.87 0.24014577
21 0.04 1696.91 0.24015143
22 0 1696.91 0.24015143
