0 1 1 0.000142
1 5.42 6.42 0.00090866
2 13.07 19.49 0.00275829
3 34.61 54.1 0.00765636
4 83.49 137.59 0.01947217
5 188.82 326.41 0.04619438
6 313.42 639.83 0.09055053
7 369.85 1009.68 0.14289279
8 317.58 1327.26 0.18783755
9 214.79 1542.05 0.21823521
10 118.69 1660.74 0.23503255
11 61.14 1721.88 0.24368524
12 32.63 1754.51 0.24830315
13 16.2 1770.71 0.25059583
14 7.13 1777.84 0.25160486
15 3.46 1781.3 0.25209454
16 1.39 1782.69 0.25229126
17 0.55 1783.24 0.25236913
18 0.22 1783.46 0.25240024
19 0.17 1783.63 0.2524243
20 0.06 1783.69 0.25243279
21 0.02 1783.71 0.25243562
22 0.01 1783.72 0.25243703
23 0 1783.72 0.25243703
