0 1 1 0.000142
1 2.92 3.92 0.00055494
2 9.16 13.08 0.00185116
3 26.03 39.11 0.00553495
4 72.13 111.24 0.01574306
5 160.48 271.72 0.03845457
6 278.95 550.67 0.07793238
7 343.22 893.89 0.12650581
8 300.17 1194.06 0.16898672
9 206.64 1400.7 0.198231
10 120.55 1521.25 0.21529153
11 62.91 1584.16 0.2241948
12 31.29 1615.45 0.22862298
13 14.44 1629.89 0.23066657
14 7.06 1636.95 0.23166574
15 2.99 1639.94 0.23208891
16 1.14 1641.08 0.23225024
17 0.49 1641.57 0.23231959
18 0.22 1641.79 0.23235071
19 0.07 1641.86 0.2323606
20 0.02 1641.88 0.23236343
21 0.03 1641.91 0.23236767
