0 1 1 0.000142
1 2.21 3.21 0.00045443
2 7.85 11.06 0.00156532
3 22 33.06 0.00467873
4 57.05 90.11 0.01275265
5 128.08 218.19 0.03087892
6 228.19 446.38 0.063173
7 289.54 735.92 0.10414941
8 279.38 1015.3 0.14368816
9 211.54 1226.84 0.17362591
10 140.51 1367.35 0.19351122
11 82.02 1449.37 0.2051189
12 39.23 1488.6 0.21067085
13 18.37 1506.97 0.21327066
14 8.51 1515.48 0.21447497
15 3.5 1518.98 0.21497026
16 1.49 1520.47 0.21518118
17 0.62 1521.09 0.21526891
18 0.29 1521.38 0.21530993
19 0.13 1521.51 0.21532833
20 0.07 1521.58 0.21533824
21 0.02 1521.6 0.21534107
22 0.01 1521.61 0.21534248
23 0.03 1521.64 0.21534673
24 0.01 1521.65 0.21534815
