0 1 1 0.000142
1 2.06 3.06 0.00043321
2 8.66 11.72 0.00165876
3 24.18 35.9 0.00508074
4 64.62 100.52 0.01422595
5 147.79 248.31 0.03514156
6 254.75 503.06 0.07119453
7 310.96 814.02 0.11520243
8 273.29 1087.31 0.1538792
9 183.89 1271.2 0.1799038
10 106.38 1377.58 0.19495903
11 56.59 1434.17 0.20296778
12 28.88 1463.05 0.20705495
13 13.26 1476.31 0.20893156
14 5.64 1481.95 0.20972975
15 2.39 1484.34 0.21006799
16 1.01 1485.35 0.21021094
17 0.4 1485.75 0.21026754
18 0.24 1485.99 0.21030151
19 0.04 1486.03 0.21030718
20 0.01 1486.04 0.21030859
