0 1 1 0.000142
1 14.94 15.94 0.00225581
2 27.43 43.37 0.00613785
3 76.27 119.64 0.01693183
4 174.04 293.68 0.04156243
5 316.15 609.83 0.08630477
6 399.07 1008.9 0.14278233
7 343.36 1352.26 0.19137557
8 215.75 1568.01 0.22190917
9 112.56 1680.57 0.23783896
10 55.22 1735.79 0.24565381
11 24.11 1759.9 0.24906598
12 10.98 1770.88 0.25061989
13 4.91 1775.79 0.25131477
14 2.2 1777.99 0.25162611
15 0.97 1778.96 0.25176336
16 0.35 1779.31 0.25181292
17 0.13 1779.44 0.2518313
18 0.05 1779.49 0.25183838
19 0.05 1779.54 0.25184546
20 0 1779.54 0.25184546
