0 1 1 0.000142
1 2.53 3.53 0.00049974
2 9.56 13.09 0.00185262
3 25.58 38.67 0.00547278
4 66.85 105.52 0.01493353
5 149.02 254.54 0.03602329
6 258.06 512.6 0.07254461
7 314.55 827.15 0.1170606
8 277.27 1104.42 0.15630067
9 189.32 1293.74 0.18309374
10 112.15 1405.89 0.1989655
11 62.11 1468 0.20775555
12 34.43 1502.43 0.21262812
13 16.58 1519.01 0.21497457
14 7.9 1526.91 0.21609265
15 3.49 1530.4 0.21658653
16 1.66 1532.06 0.21682147
17 0.65 1532.71 0.21691347
18 0.27 1532.98 0.2169517
19 0.09 1533.07 0.21696443
20 0.04 1533.11 0.21697009
21 0 1533.11 0.21697009
