0 1 1 0.000142
1 2.84 3.84 0.0005436
2 9.48 13.32 0.00188511
3 25 38.32 0.00542324
4 67.29 105.61 0.01494627
5 144 249.61 0.03532556
6 244.56 494.17 0.06993632
7 300.67 794.84 0.11248802
8 280.04 1074.88 0.15212005
9 207.89 1282.77 0.18154121
10 125.83 1408.6 0.19934904
11 69.08 1477.68 0.20912542
12 35.75 1513.43 0.21418495
13 16.76 1530.19 0.21655673
14 8.52 1538.71 0.21776255
15 3.76 1542.47 0.21829466
16 1.56 1544.03 0.21851542
17 0.59 1544.62 0.21859894
18 0.19 1544.81 0.21862582
19 0.07 1544.88 0.21863572
20 0.06 1544.94 0.21864421
21 0.01 1544.95 0.21864563
22 0 1544.95 0.21864563
