0 1 1 0.000142
1 5.49 6.49 0.00091859
2 16.13 22.62 0.00320128
3 45.77 68.39 0.00967881
4 114.67 183.06 0.02590713
5 234.83 417.89 0.05914097
6 350.09 767.98 0.10868673
7 358.89 1126.87 0.15947781
8 268.09 1394.96 0.19741866
9 161.66 1556.62 0.22029724
10 86.52 1643.14 0.2325417
11 40.97 1684.11 0.23833992
12 18.14 1702.25 0.24090716
13 8.06 1710.31 0.24204788
14 3.77 1714.08 0.24258138
15 1.51 1715.59 0.2427951
16 0.79 1716.38 0.24290693
17 0.34 1716.72 0.24295501
18 0.15 1716.87 0.24297627
19 0.05 1716.92 0.24298334
20 0.03 1716.95 0.24298758
21 0 1716.95 0.24298758
