0 1 1 0.000142
1 5.38 6.38 0.00090297
2 17.92 24.3 0.00343895
3 45.74 70.04 0.00991226
4 116.63 186.67 0.02641807
5 235.06 421.73 0.05968442
6 343.06 764.79 0.1082352
7 357.93 1122.72 0.15889048
8 277.3 1400.02 0.19813477
9 173.05 1573.07 0.22262529
10 97.06 1670.13 0.23636142
11 47.05 1717.18 0.2430201
12 21.61 1738.79 0.24607836
13 9.22 1748.01 0.24738326
14 4.18 1752.19 0.24797485
15 1.86 1754.05 0.24823809
16 0.91 1754.96 0.24836684
17 0.45 1755.41 0.24843056
18 0.31 1755.72 0.24847442
19 0.1 1755.82 0.24848859
20 0.04 1755.86 0.24849425
21 0 1755.86 0.24849425
