0 1 1 0.000142
1 3.43 4.43 0.00062704
2 11.14 15.57 0.00220355
3 30.86 46.43 0.00657095
4 79.55 125.98 0.01782903
5 167.24 293.22 0.04149733
6 281.95 575.17 0.08139969
7 332.77 907.94 0.12849421
8 284.12 1192.06 0.1687037
9 191.11 1383.17 0.1957501
10 111.93 1495.1 0.21159072
11 58.81 1553.91 0.21991367
12 27.74 1581.65 0.22383949
13 12.61 1594.26 0.22562416
14 6.09 1600.35 0.22648599
15 2.56 1602.91 0.22684835
16 1.12 1604.03 0.22700685
17 0.34 1604.37 0.22705491
18 0.24 1604.61 0.22708891
19 0.15 1604.76 0.22711013
20 0.09 1604.85 0.22712287
21 0.02 1604.87 0.2271257
22 0.01 1604.88 0.22712711
23 0 1604.88 0.22712711
