0 1 1 0.000142
1 3.19 4.19 0.00059315
2 9.18 13.37 0.00189218
3 29.33 42.7 0.00604301
4 77.67 120.37 0.01703512
5 173.2 293.57 0.04154695
6 291.3 584.87 0.08277249
7 341.93 926.8 0.13116333
8 291.42 1218.22 0.17240591
9 200.32 1418.54 0.20075577
10 114.79 1533.33 0.21700114
11 59.45 1592.78 0.22541474
12 28.25 1621.03 0.22941267
13 12.99 1634.02 0.23125108
14 6.09 1640.11 0.23211296
15 2.78 1642.89 0.23250643
16 1.3 1644.19 0.23269039
17 0.53 1644.72 0.2327654
18 0.23 1644.95 0.23279794
19 0.05 1645 0.23280503
20 0.01 1645.01 0.23280644
