0 1 1 0.000142
1 3.03 4.03 0.00057047
2 10.8 14.83 0.00209877
3 29.56 44.39 0.00628223
4 79.83 124.22 0.01757996
5 173.19 297.41 0.04209031
6 278.48 575.89 0.08150156
7 331.3 907.19 0.12838815
8 284.84 1192.03 0.16869946
9 200.02 1392.05 0.19700684
10 124.38 1516.43 0.21460944
11 68.49 1584.92 0.22430234
12 35.06 1619.98 0.22926407
13 16.5 1636.48 0.23159921
14 7.57 1644.05 0.23267061
15 3.45 1647.5 0.2331588
16 1.56 1649.06 0.23337955
17 0.8 1649.86 0.23349286
18 0.27 1650.13 0.23353106
19 0.09 1650.22 0.2335438
20 0.05 1650.27 0.23355087
21 0.01 1650.28 0.23355229
22 0 1650.28 0.23355229
