0 1 1 0.000142
1 6.54 7.54 0.00106716
2 17.83 25.37 0.00359053
3 49.82 75.19 0.01064109
4 125.2 200.39 0.02835975
5 247.95 448.34 0.06345031
6 360.76 809.1 0.11450612
7 368.84 1177.94 0.16670534
8 273.27 1451.21 0.20537926
9 162.21 1613.42 0.22833571
10 82.88 1696.3 0.24006506
11 37.78 1734.08 0.24541185
12 17.46 1751.54 0.24788281
13 7.93 1759.47 0.24900514
14 2.96 1762.43 0.24942398
15 1.4 1763.83 0.24962211
16 0.73 1764.56 0.24972543
17 0.39 1764.95 0.24978066
18 0.19 1765.14 0.24980753
19 0.06 1765.2 0.24981603
20 0.03 1765.23 0.24982028
21 0.01 1765.24 0.2498217
