0 1 1 0.000142
1 2.01 3.01 0.00042617
2 7.3 10.31 0.00145923
3 20.84 31.15 0.00440844
4 54.3 85.45 0.01209322
5 123.91 209.36 0.02962923
6 224.19 433.55 0.06135725
7 298.41 731.96 0.10358907
8 292.1 1024.06 0.14492786
9 224.36 1248.42 0.17667993
10 146.43 1394.85 0.19740314
11 82.08 1476.93 0.20901929
12 40.29 1517.22 0.21472125
13 18.15 1535.37 0.21728992
14 8.48 1543.85 0.21849001
15 3.9 1547.75 0.21904198
16 1.81 1549.56 0.21929811
17 0.81 1550.37 0.21941273
18 0.27 1550.64 0.21945095
19 0.15 1550.79 0.2194722
20 0.01 1550.8 0.21947361
21 0.01 1550.81 0.21947503
22 0 1550.81 0.21947503
