0 1 1 0.000142
1 5.19 6.19 0.00087612
2 15.99 22.18 0.00313901
3 45.37 67.55 0.00955989
4 114.81 182.36 0.02580812
5 232.01 414.37 0.05864286
6 344.42 758.79 0.10738611
7 359.14 1117.93 0.15821258
8 281.39 1399.32 0.19803565
9 175.1 1574.42 0.22281631
10 93.26 1667.68 0.23601469
11 46.59 1714.27 0.24260829
12 22.86 1737.13 0.24584347
13 10.58 1747.71 0.2473408
14 4.63 1752.34 0.24799601
15 2.08 1754.42 0.24829039
16 0.83 1755.25 0.24840787
17 0.47 1755.72 0.24847437
18 0.12 1755.84 0.24849138
19 0.08 1755.92 0.24850272
20 0.04 1755.96 0.24850838
21 0.01 1755.97 0.2485098
22 0.01 1755.98 0.24851121
