0 1 1 0.000142
1 2.13 3.13 0.00044314
2 5.48 8.61 0.00121857
3 17.24 25.85 0.00365839
4 47.65 73.5 0.01040193
5 112.46 185.96 0.0263176
6 207.63 393.59 0.05570195
7 283.16 676.75 0.09577557
8 278.77 955.52 0.13522792
9 207.41 1162.93 0.16458112
10 128.24 1291.17 0.18272999
11 72.55 1363.72 0.19299746
12 39.06 1402.78 0.19852535
13 20.82 1423.6 0.20147188
14 12.09 1435.69 0.2031829
15 7.22 1442.91 0.20420472
16 3.05 1445.96 0.20463635
17 1.43 1447.39 0.20483872
18 0.8 1448.19 0.20495195
19 0.28 1448.47 0.20499158
20 0.21 1448.68 0.2050213
21 0.03 1448.71 0.20502555
22 0.01 1448.72 0.20502696
23 0.02 1448.74 0.20502979
24 0.02 1448.76 0.20503262
25 0 1448.76 0.20503262
