0 1 1 0.000142
1 7.05 8.05 0.00113937
2 17.46 25.51 0.00361023
3 49.38 74.89 0.01059867
4 125.37 200.26 0.02834135
5 249.1 449.36 0.06359467
6 370.36 819.72 0.11600905
7 373.75 1193.47 0.16890322
8 272.64 1466.11 0.20748793
9 157.22 1623.33 0.22973816
10 78.75 1702.08 0.24088309
11 37.15 1739.23 0.24614066
12 17.23 1756.46 0.24857914
13 7.54 1764 0.24964621
14 3.33 1767.33 0.25011745
15 1.3 1768.63 0.25030145
16 0.5 1769.13 0.25037219
17 0.19 1769.32 0.25039906
18 0.05 1769.37 0.25040615
19 0 1769.37 0.25040615
