0 1 1 0.000142
1 2.95 3.95 0.0005592
2 8.87 12.82 0.00181441
3 27 39.82 0.00563552
4 70.52 110.34 0.01561569
5 159.04 269.38 0.03812348
6 268.76 538.14 0.07615907
7 326.19 864.33 0.12232246
8 275.91 1140.24 0.16136996
9 176.16 1316.4 0.18630065
10 94.12 1410.52 0.19962082
11 47.21 1457.73 0.20630207
12 23.73 1481.46 0.20966044
13 11.21 1492.67 0.21124693
14 5.26 1497.93 0.21199128
15 2.12 1500.05 0.2122913
16 1 1501.05 0.21243285
17 0.42 1501.47 0.21249225
18 0.18 1501.65 0.21251774
19 0.13 1501.78 0.21253614
20 0.07 1501.85 0.21254605
21 0.02 1501.87 0.21254888
22 0 1501.87 0.21254888
