0 1 1 0.000142
1 4.97 5.97 0.00084503
2 15.85 21.82 0.00308805
3 43.59 65.41 0.00925702
4 113.04 178.45 0.02525476
5 234.99 413.44 0.05851116
6 355.6 769.04 0.10883666
7 368.96 1138 0.16105296
8 280.99 1418.99 0.20081942
9 165.58 1584.57 0.22425274
10 88.83 1673.4 0.23682423
11 44.48 1717.88 0.24311918
12 20.23 1738.11 0.24598216
13 8.96 1747.07 0.24725024
14 4.15 1751.22 0.24783753
15 1.96 1753.18 0.248115
16 0.68 1753.86 0.24821121
17 0.3 1754.16 0.24825367
18 0.12 1754.28 0.24827063
19 0.03 1754.31 0.24827487
20 0.01 1754.32 0.24827629
21 0.02 1754.34 0.24827912
22 0 1754.34 0.24827912
