0 1 1 0.000142
1 3.03 4.03 0.00057049
2 9.78 13.81 0.00195447
3 28.23 42.04 0.00594961
4 75.6 117.64 0.01664876
5 167 284.64 0.04028309
6 286.44 571.08 0.08082084
7 354.46 925.54 0.13098508
8 331.57 1257.11 0.17790973
9 233.54 1490.65 0.21096094
10 136.59 1627.24 0.23029156
11 67.96 1695.2 0.23990944
12 32.35 1727.55 0.24448769
13 14.13 1741.68 0.24648739
14 6.14 1747.82 0.24735635
15 2.75 1750.57 0.24774548
16 1.15 1751.72 0.24790826
17 0.73 1752.45 0.2480116
18 0.29 1752.74 0.24805265
19 0.19 1752.93 0.24807952
20 0.09 1753.02 0.24809227
21 0.04 1753.06 0.24809793
22 0.01 1753.07 0.24809934
23 0.03 1753.1 0.24810359
