0 1 1 0.000142
1 5.24 6.24 0.00088323
2 15.13 21.37 0.00302434
3 42.5 63.87 0.00903907
4 108.4 172.27 0.02438009
5 224.42 396.69 0.05614064
6 342.21 738.9 0.10457119
7 358.12 1097.02 0.15525332
8 275.81 1372.83 0.19428675
9 166.1 1538.93 0.21779365
10 88.77 1627.7 0.23035662
11 46.21 1673.91 0.23689641
12 24.18 1698.09 0.24031842
13 13.6 1711.69 0.24224317
14 6.16 1717.85 0.24311493
15 3.12 1720.97 0.24355647
16 1.34 1722.31 0.24374612
17 0.52 1722.83 0.2438197
18 0.3 1723.13 0.24386218
19 0.14 1723.27 0.24388199
20 0.02 1723.29 0.24388482
21 0.02 1723.31 0.24388765
22 0.01 1723.32 0.24388906
