0 1 1 0.000142
1 3.05 4.05 0.00057336
2 10.12 14.17 0.00200545
3 27.76 41.93 0.00593405
4 72.74 114.67 0.01622834
5 164.23 278.9 0.03947073
6 275.09 553.99 0.07840222
7 340.2 894.19 0.12654831
8 301.99 1196.18 0.16928676
9 210.96 1407.14 0.1991424
10 115.86 1523 0.21553924
11 60.9 1583.9 0.22415794
12 30.07 1613.97 0.22841351
13 16.21 1630.18 0.23070767
14 7.96 1638.14 0.23183415
15 4.03 1642.17 0.23240449
16 1.66 1643.83 0.23263944
17 0.99 1644.82 0.23277953
18 0.39 1645.21 0.23283472
19 0.2 1645.41 0.23286303
20 0.09 1645.5 0.23287576
21 0.01 1645.51 0.23287718
22 0.01 1645.52 0.2328786
