0 1 1 0.000142
1 2.59 3.59 0.00050826
2 7.88 11.47 0.00162332
3 23.1 34.57 0.00489246
4 58.86 93.43 0.01322257
5 139.15 232.58 0.03291537
6 259.56 492.14 0.06964906
7 345.85 837.99 0.11859473
8 331.38 1169.37 0.16549251
9 244.94 1414.31 0.20015711
10 150.3 1564.61 0.22142794
11 78.85 1643.46 0.232587
12 41.25 1684.71 0.23842487
13 18.9 1703.61 0.24109963
14 8.04 1711.65 0.24223752
15 3.28 1714.93 0.24270173
16 1.39 1716.32 0.24289844
17 0.66 1716.98 0.24299187
18 0.24 1717.22 0.24302582
19 0.2 1717.42 0.24305412
20 0.04 1717.46 0.24305979
21 0.01 1717.47 0.2430612
22 0 1717.47 0.2430612
