0 1 1 0.000142
1 2.81 3.81 0.00053938
2 9.81 13.62 0.00192762
3 26.4 40.02 0.00566381
4 69.2 109.22 0.01545711
5 152.51 261.73 0.03704079
6 262.09 523.82 0.07413252
7 330.62 854.44 0.12092277
8 300.69 1155.13 0.16347718
9 214.86 1369.99 0.19388482
10 125.56 1495.55 0.21165444
11 65.64 1561.19 0.22094399
12 30.53 1591.72 0.22526467
13 13.71 1605.43 0.22720498
14 5.95 1611.38 0.228047
15 2.68 1614.06 0.22842627
16 1.16 1615.22 0.22859045
17 0.44 1615.66 0.22865275
18 0.18 1615.84 0.2286782
19 0.14 1615.98 0.22869802
20 0 1615.98 0.22869802
21 0.01 1615.99 0.22869943
