0 1 1 0.000142
1 3.85 4.85 0.00068655
2 10.72 15.57 0.00220357
3 30.59 46.16 0.00653271
4 77.43 123.59 0.0174908
5 172.4 295.99 0.04188936
6 287.24 583.23 0.08254037
7 339.63 922.86 0.13060574
8 291.26 1214.12 0.17182568
9 195.49 1409.61 0.19949195
10 112.34 1521.95 0.21539062
11 58.17 1580.12 0.22362299
12 30.48 1610.6 0.22793663
13 15.72 1626.32 0.23016127
14 7.28 1633.6 0.23119162
15 3.12 1636.72 0.23163316
16 1.6 1638.32 0.23185964
17 0.9 1639.22 0.23198699
18 0.39 1639.61 0.23204217
19 0.23 1639.84 0.23207471
20 0.07 1639.91 0.23208463
21 0 1639.91 0.23208463
