0 1 1 0.000142
1 3.83 4.83 0.00068369
2 11.73 16.56 0.00234369
3 34.24 50.8 0.00718937
4 87.65 138.45 0.01959383
5 188.66 327.11 0.04629352
6 299.43 626.54 0.08866971
7 350.97 977.51 0.13833999
8 304.04 1281.55 0.18136852
9 201.19 1482.74 0.20984146
10 117.75 1600.49 0.22650581
11 59.69 1660.18 0.23495332
12 28.39 1688.57 0.23897111
13 12.16 1700.73 0.24069203
14 5.27 1706 0.24143788
15 2.6 1708.6 0.24180583
16 1.11 1709.71 0.2419629
17 0.38 1710.09 0.24201669
18 0.17 1710.26 0.24204076
19 0.11 1710.37 0.24205634
20 0.04 1710.41 0.242062
21 0 1710.41 0.242062
22 0.01 1710.42 0.24206341
