0 1 1 0.000142
1 4.31 5.31 0.00075154
2 16.93 22.24 0.00314747
3 45.1 67.34 0.00953017
4 113.74 181.08 0.02562693
5 227.6 408.68 0.05783758
6 335.4 744.08 0.10530428
7 348.67 1092.75 0.15464905
8 264.46 1357.21 0.19207616
9 165.03 1522.24 0.21543164
10 90.23 1612.47 0.22820122
11 45.62 1658.09 0.23465753
12 20.7 1678.79 0.23758707
13 9.63 1688.42 0.23894991
14 4.27 1692.69 0.23955422
15 1.85 1694.54 0.23981604
16 0.88 1695.42 0.23994056
17 0.38 1695.8 0.23999438
18 0.17 1695.97 0.24001841
19 0.01 1695.98 0.24001983
20 0.02 1696 0.24002266
21 0 1696 0.24002266
