0 1 1 0.000142
1 2.79 3.79 0.00053649
2 9.36 13.15 0.00186108
3 27.53 40.68 0.00575717
4 71.91 112.59 0.01593404
5 156 268.59 0.03801161
6 260.77 529.36 0.07491654
7 325.94 855.3 0.1210445
8 305.73 1161.03 0.1643122
9 219.38 1380.41 0.19535954
10 132.59 1513 0.21412401
11 69.1 1582.1 0.22390321
12 32.72 1614.82 0.22853386
13 15.16 1629.98 0.23067935
14 6.93 1636.91 0.23166011
15 3.23 1640.14 0.23211726
16 1.47 1641.61 0.23232527
17 0.78 1642.39 0.23243564
18 0.39 1642.78 0.23249082
19 0.18 1642.96 0.23251629
20 0.11 1643.07 0.23253186
21 0.07 1643.14 0.23254176
22 0.02 1643.16 0.2325446
23 0.01 1643.17 0.23254601
24 0 1643.17 0.23254601
