0 1 1 0.000142
1 2.39 3.39 0.00047997
2 9.31 12.7 0.00179744
3 25.54 38.24 0.00541187
4 68.93 107.17 0.01516705
5 144.64 251.81 0.03563691
6 243.52 495.33 0.07010058
7 296.16 791.49 0.11201399
8 269.24 1060.73 0.15011749
9 200.49 1261.22 0.17849142
10 123.6 1384.82 0.19598368
11 65.27 1450.09 0.20522082
12 33.3 1483.39 0.20993356
13 15.27 1498.66 0.21209456
14 7.08 1505.74 0.21309656
15 3.05 1508.79 0.21352822
16 1.55 1510.34 0.21374759
17 0.57 1510.91 0.21382825
18 0.28 1511.19 0.21386787
19 0.06 1511.25 0.21387637
20 0.01 1511.26 0.21387778
21 0.01 1511.27 0.2138792
22 0 1511.27 0.2138792
