0 1 1 0.000142
1 5.26 6.26 0.00088604
2 15.47 21.73 0.00307531
3 45.03 66.76 0.00944809
4 110.92 177.68 0.02514575
5 229.87 407.55 0.05767764
6 345.06 752.61 0.10651152
7 365.29 1117.9 0.15820837
8 279.71 1397.61 0.19779364
9 174.1 1571.71 0.22243279
10 93.98 1665.69 0.23573309
11 50.02 1715.71 0.24281206
12 25.63 1741.34 0.24643932
13 11.85 1753.19 0.24811637
14 6.19 1759.38 0.24899235
15 2.76 1762.14 0.24938295
16 1.24 1763.38 0.24955847
17 0.57 1763.95 0.24963911
18 0.15 1764.1 0.24966034
19 0.09 1764.19 0.24967309
20 0.06 1764.25 0.24968157
21 0.02 1764.27 0.2496844
22 0.01 1764.28 0.24968582
23 0 1764.28 0.24968582
24 0.01 1764.29 0.24968723
