0 1 1 0.000142
1 3.53 4.53 0.00064125
2 12.46 16.99 0.00240459
3 33.43 50.42 0.00713564
4 87.33 137.75 0.0194948
5 188.69 326.44 0.04619873
6 307.62 634.06 0.08973395
7 358.96 993.02 0.14053497
8 297.09 1290.11 0.18257997
9 192.27 1482.38 0.20979062
10 108.94 1591.32 0.22520804
11 58.87 1650.19 0.23353947
12 29.33 1679.52 0.23769037
13 13.6 1693.12 0.23961504
14 6.41 1699.53 0.2405222
15 3.03 1702.56 0.24095102
16 1.33 1703.89 0.24113924
17 0.62 1704.51 0.24122699
18 0.24 1704.75 0.24126096
19 0.09 1704.84 0.2412737
20 0.02 1704.86 0.24127654
21 0.03 1704.89 0.24128078
22 0.01 1704.9 0.24128219
23 0.02 1704.92 0.24128502
24 0.01 1704.93 0.24128644
25 0 1704.93 0.24128644
