0 1 1 0.000142
1 2.37 3.37 0.00047708
2 8.33 11.7 0.00165589
3 22.68 34.38 0.00486558
4 64.33 98.71 0.01396975
5 144.02 242.73 0.03435182
6 245.39 488.12 0.06908012
7 303.13 791.25 0.11197995
8 274.06 1065.31 0.15076567
9 194.09 1259.4 0.17823386
10 118.1 1377.5 0.19494765
11 64.42 1441.92 0.20406457
12 33.66 1475.58 0.20882828
13 16.18 1491.76 0.21111803
14 7.38 1499.14 0.21216249
15 3.27 1502.41 0.21262534
16 1.44 1503.85 0.2128291
17 0.58 1504.43 0.21291117
18 0.27 1504.7 0.2129494
19 0.06 1504.76 0.2129579
20 0.03 1504.79 0.21296213
21 0.02 1504.81 0.21296497
