0 1 1 0.000142
1 2.54 3.54 0.00050114
2 7.93 11.47 0.00162333
3 23.95 35.42 0.00501276
4 60.73 96.15 0.01360742
5 142.83 238.98 0.03382112
6 253.38 492.36 0.06968017
7 323.76 816.12 0.11549963
8 296.07 1112.19 0.15740027
9 199.87 1312.06 0.18568646
10 108.04 1420.1 0.20097654
11 54.28 1474.38 0.20865841
12 28.68 1503.06 0.21271723
13 14.15 1517.21 0.2147198
14 7.09 1524.3 0.21572319
15 2.93 1527.23 0.21613787
16 1.34 1528.57 0.21632752
17 0.43 1529 0.21638837
18 0.18 1529.18 0.21641386
19 0.06 1529.24 0.21642235
20 0.05 1529.29 0.21642942
21 0.04 1529.33 0.21643508
22 0.01 1529.34 0.2164365
