0 1 1 0.000142
1 2.83 3.83 0.0005422
2 8.39 12.22 0.00172945
3 23.22 35.44 0.00501555
4 62.19 97.63 0.0138169
5 141.03 238.66 0.03377587
6 249.08 487.74 0.06902632
7 318.95 806.69 0.11416503
8 292.89 1099.58 0.15561561
9 218.48 1318.06 0.18653553
10 137.08 1455.14 0.20593549
11 77.59 1532.73 0.21691625
12 39.52 1572.25 0.22250926
13 18.11 1590.36 0.22507222
14 7.88 1598.24 0.22618743
15 3.98 1602.22 0.22675061
16 1.84 1604.06 0.22701105
17 0.56 1604.62 0.22709029
18 0.35 1604.97 0.22713982
19 0.23 1605.2 0.22717238
20 0.09 1605.29 0.22718513
21 0.03 1605.32 0.22718938
22 0.01 1605.33 0.22719079
