0 1 1 0.000142
1 2.25 3.25 0.00046013
2 7.89 11.14 0.00157666
3 22.12 33.26 0.0047071
4 57.52 90.78 0.0128475
5 132.59 223.37 0.03161199
6 232.41 455.78 0.0645033
7 305.16 760.94 0.10769042
8 287.57 1048.51 0.14838813
9 206.77 1255.28 0.17765078
10 121.15 1376.43 0.19479626
11 63.97 1440.4 0.20384946
12 31.04 1471.44 0.20824234
13 13.87 1485.31 0.21020526
14 6.37 1491.68 0.21110677
15 2.54 1494.22 0.21146621
16 1.21 1495.43 0.21163745
17 0.66 1496.09 0.2117309
18 0.28 1496.37 0.21177054
19 0.09 1496.46 0.21178327
20 0.12 1496.58 0.21180026
21 0.02 1496.6 0.21180308
