0 1 1 0.000142
1 4.44 5.44 0.00077001
2 12.38 17.82 0.00252197
3 34.4 52.22 0.00739032
4 88.24 140.46 0.01987829
5 196.18 336.64 0.04764225
6 319.18 655.82 0.09281348
7 363.35 1019.17 0.14423583
8 293.2 1312.37 0.18573023
9 178.78 1491.15 0.2110317
10 97.83 1588.98 0.22487687
11 53.16 1642.14 0.23240023
12 27.21 1669.35 0.23625107
13 13.41 1682.76 0.23814891
14 6.57 1689.33 0.23907871
15 3.22 1692.55 0.23953437
16 1.44 1693.99 0.2397382
17 0.81 1694.8 0.23985283
18 0.36 1695.16 0.23990377
19 0.19 1695.35 0.23993066
20 0.05 1695.4 0.23993775
21 0.04 1695.44 0.2399434
22 0.04 1695.48 0.23994906
23 0 1695.48 0.23994906
