0 1 1 0.000142
1 6.21 7.21 0.00102048
2 17.6 24.81 0.00351116
3 47.62 72.43 0.01025049
4 119.79 192.22 0.0272035
5 243.08 435.3 0.06160487
6 362.6 797.9 0.11292105
7 372.9 1170.8 0.16569489
8 276.23 1447.03 0.20478776
9 170.76 1617.79 0.22895412
10 90.8 1708.59 0.24180446
11 44.8 1753.39 0.24814459
12 20.2 1773.59 0.2510034
13 8.85 1782.44 0.25225584
14 3.72 1786.16 0.25278233
15 1.76 1787.92 0.2530314
16 0.83 1788.75 0.25314887
17 0.26 1789.01 0.25318567
18 0.1 1789.11 0.25319982
19 0.05 1789.16 0.2532069
20 0.04 1789.2 0.25321257
21 0.05 1789.25 0.25321964
22 0.01 1789.26 0.25322106
23 0 1789.26 0.25322106
