0 1 1 0.000142
1 2.12 3.12 0.00044168
2 8.59 11.71 0.00165725
3 23.92 35.63 0.00504249
4 63.11 98.74 0.01397404
5 138.38 237.12 0.03355793
6 247.37 484.49 0.06856637
7 311.36 795.85 0.11263089
8 287.64 1083.49 0.15333853
9 197.51 1281 0.18129068
10 112.96 1393.96 0.19727714
11 57.4 1451.36 0.20540054
12 26.99 1478.35 0.20922018
13 12.67 1491.02 0.21101331
14 5.73 1496.75 0.21182427
15 2.4 1499.15 0.21216389
16 1.27 1500.42 0.21234362
17 0.75 1501.17 0.21244978
18 0.17 1501.34 0.21247384
19 0.04 1501.38 0.2124795
20 0.03 1501.41 0.21248375
21 0.02 1501.43 0.21248658
22 0 1501.43 0.21248658
