0 1 1 0.000142
1 2.64 3.64 0.00051534
2 10.9 14.54 0.00205779
3 28.96 43.5 0.00615627
4 77.5 121 0.01712427
5 172.13 293.13 0.04148461
6 290.04 583.17 0.08253184
7 348.46 931.63 0.13184692
8 300.59 1232.22 0.17438724
9 200.13 1432.35 0.20271015
10 114.27 1546.62 0.218882
11 59 1605.62 0.22723184
12 30.37 1635.99 0.23152988
13 14.79 1650.78 0.23362303
14 6.67 1657.45 0.23456702
15 3.02 1660.47 0.23499438
16 1.4 1661.87 0.2351925
17 0.6 1662.47 0.23527742
18 0.29 1662.76 0.23531847
19 0.09 1662.85 0.23533122
20 0.03 1662.88 0.23533547
21 0.02 1662.9 0.2353383
22 0 1662.9 0.2353383
