0 1 1 0.000142
1 2.21 3.21 0.00045446
2 8.07 11.28 0.00159645
3 21.71 32.99 0.00466894
4 60.85 93.84 0.01328056
5 135.64 229.48 0.03247671
6 242.56 472.04 0.06680448
7 307.07 779.11 0.11026184
8 283.69 1062.8 0.15041047
9 203.59 1266.39 0.17922308
10 118.45 1384.84 0.19598648
11 60.25 1445.09 0.20451326
12 28.11 1473.2 0.20849144
13 12.99 1486.19 0.2103298
14 5.6 1491.79 0.21112233
15 2.17 1493.96 0.21142947
16 0.79 1494.75 0.21154123
17 0.36 1495.11 0.21159219
18 0.19 1495.3 0.21161906
19 0.11 1495.41 0.21163463
20 0.01 1495.42 0.21163604
21 0 1495.42 0.21163604
