0 1 1 0.000142
1 2.04 3.04 0.00043045
2 7.98 11.02 0.00155972
3 22.3 33.32 0.00471563
4 62.39 95.71 0.01354523
5 139.21 234.92 0.03324657
6 239.7 474.62 0.0671696
7 298.5 773.12 0.10941418
8 265.18 1038.3 0.14694314
9 188.44 1226.74 0.17361167
10 116.61 1343.35 0.19011471
11 64.77 1408.12 0.19928115
12 32.21 1440.33 0.2038396
13 14.7 1455.03 0.20591992
14 6.18 1461.21 0.20679457
15 2.77 1463.98 0.20718655
16 1.26 1465.24 0.20736491
17 0.42 1465.66 0.20742433
18 0.21 1465.87 0.20745406
19 0.05 1465.92 0.20746114
20 0.03 1465.95 0.20746538
21 0.01 1465.96 0.2074668
22 0 1465.96 0.2074668
