0 1 1 0.000142
1 2.15 3.15 0.00044596
2 8.22 11.37 0.0016092
3 23.56 34.93 0.00494346
4 62.2 97.13 0.01374616
5 140.4 237.53 0.03361595
6 249.67 487.2 0.06894989
7 318.94 806.14 0.11408721
8 284.46 1090.6 0.15434476
9 200.41 1291.01 0.1827074
10 120.5 1411.51 0.19976093
11 63.14 1474.65 0.20869664
12 30.77 1505.42 0.21305129
13 15.01 1520.43 0.21517552
14 6.77 1527.2 0.21613366
15 2.77 1529.97 0.21652564
16 1.5 1531.47 0.21673792
17 0.77 1532.24 0.21684687
18 0.36 1532.6 0.21689782
19 0.14 1532.74 0.21691765
20 0.06 1532.8 0.21692613
21 0.03 1532.83 0.21693038
22 0 1532.83 0.21693038
