0 1 1 0.000142
1 3.53 4.53 0.00064118
2 12.61 17.14 0.00242571
3 34.06 51.2 0.00724596
4 89.05 140.25 0.01984861
5 192.38 332.63 0.04707473
6 308.89 641.52 0.0907897
7 351.67 993.19 0.14055906
8 293.39 1286.58 0.18208036
9 191.83 1478.41 0.20922868
10 109.5 1587.91 0.22472548
11 58.54 1646.45 0.23301023
12 29.86 1676.31 0.23723608
13 13.95 1690.26 0.23921032
14 6.2 1696.46 0.24008772
15 2.38 1698.84 0.24042456
16 1.15 1699.99 0.24058731
17 0.49 1700.48 0.24065666
18 0.19 1700.67 0.24068353
19 0.11 1700.78 0.2406991
20 0.04 1700.82 0.24070476
21 0 1700.82 0.24070476
