0 1 1 0.000142
1 6.19 7.19 0.00101763
2 18.06 25.25 0.00357349
3 51.99 77.24 0.01093125
4 127.57 204.81 0.02898526
5 261.14 465.95 0.0659425
6 379.24 845.19 0.11961372
7 376.16 1221.35 0.17284889
8 263.97 1485.32 0.21020661
9 155.15 1640.47 0.2321639
10 79.08 1719.55 0.24335554
11 39.66 1759.21 0.24896833
12 18.54 1777.75 0.25159209
13 8.29 1786.04 0.25276536
14 3.72 1789.76 0.25329185
15 1.63 1791.39 0.2535225
16 0.72 1792.11 0.25362435
17 0.37 1792.48 0.25367673
18 0.13 1792.61 0.25369513
19 0.07 1792.68 0.25370502
20 0.08 1792.76 0.25371635
21 0.05 1792.81 0.25372343
22 0.03 1792.84 0.25372768
23 0.05 1792.89 0.25373475
24 0.03 1792.92 0.253739
25 0 1792.92 0.253739
