0 1 1 0.000142
1 4.08 5.08 0.00071908
2 12.88 17.96 0.00254183
3 34.57 52.53 0.00743419
4 89.67 142.2 0.02012457
5 186.7 328.9 0.04654689
6 304.71 633.61 0.08967028
7 349.49 983.1 0.13913103
8 291.26 1274.36 0.18035096
9 189.82 1464.18 0.20721485
10 107.4 1571.58 0.22241441
11 58.32 1629.9 0.23066799
12 33.32 1663.22 0.23538348
13 19.32 1682.54 0.23811775
14 9.39 1691.93 0.23944666
15 4.55 1696.48 0.24009061
16 2.22 1698.7 0.24040479
17 0.96 1699.66 0.2405406
18 0.35 1700.01 0.24059018
19 0.13 1700.14 0.24060856
20 0.03 1700.17 0.24061281
21 0 1700.17 0.24061281
