0 1 1 0.000142
1 4.49 5.49 0.0007771
2 12.71 18.2 0.00257574
3 35.21 53.41 0.00755873
4 93.47 146.88 0.02078688
5 203.44 350.32 0.04957832
6 322.86 673.18 0.09527033
7 366.31 1039.49 0.14711155
8 300.52 1340.01 0.18964192
9 195.18 1535.19 0.21726437
10 106.35 1641.54 0.23231532
11 52.93 1694.47 0.23980616
12 25.04 1719.51 0.24334978
13 11.16 1730.67 0.24492922
14 5.16 1735.83 0.24565953
15 2.36 1738.19 0.24599345
16 1.14 1739.33 0.24615481
17 0.53 1739.86 0.24622984
18 0.2 1740.06 0.24625815
19 0.08 1740.14 0.24626947
20 0.05 1740.19 0.24627653
21 0.01 1740.2 0.24627795
22 0.01 1740.21 0.24627936
