0 1 1 0.000142
1 4.13 5.13 0.00072612
2 12.18 17.31 0.00244972
3 37.06 54.37 0.0076946
4 96.41 150.78 0.02133879
5 208.04 358.82 0.05078118
6 329.55 688.37 0.09742001
7 366.17 1054.54 0.14924147
8 291.68 1346.22 0.19052082
9 182.58 1528.8 0.21636008
10 102.88 1631.68 0.23091989
11 53.1 1684.78 0.23843478
12 26 1710.78 0.24211434
13 11.73 1722.51 0.24377441
14 5.49 1728 0.24455137
15 2.57 1730.57 0.2449151
16 1.22 1731.79 0.24508775
17 0.38 1732.17 0.24514152
18 0.18 1732.35 0.24516699
19 0.07 1732.42 0.2451769
20 0.05 1732.47 0.24518398
21 0 1732.47 0.24518398
