0 1 1 0.000142
1 6.9 7.9 0.00111812
2 17.69 25.59 0.00362159
3 50.12 75.71 0.01071469
4 122.63 198.34 0.02806961
5 252.43 450.77 0.06379425
6 373.28 824.05 0.11662184
7 381.6 1205.65 0.17062694
8 275.67 1481.32 0.20964051
9 157.13 1638.45 0.231878
10 78.96 1717.41 0.24305263
11 36.2 1753.61 0.24817576
12 17.13 1770.74 0.25060007
13 7.33 1778.07 0.25163742
14 2.95 1781.02 0.2520549
15 1.45 1782.47 0.25226007
16 0.77 1783.24 0.25236908
17 0.27 1783.51 0.25240729
18 0.13 1783.64 0.25242567
19 0.07 1783.71 0.25243559
20 0.02 1783.73 0.25243841
21 0.01 1783.74 0.25243983
