0 1 1 0.000142
1 4.32 5.32 0.00075298
2 10.16 15.48 0.00219082
3 29.85 45.33 0.00641523
4 80.06 125.39 0.01774556
5 180.38 305.77 0.04327343
6 303.97 609.74 0.08629206
7 363.99 973.73 0.13780501
8 315.18 1288.91 0.18241013
9 206.75 1495.66 0.21166993
10 118.69 1614.35 0.2284673
11 62.36 1676.71 0.2372927
12 33.85 1710.56 0.24208321
13 20.44 1731 0.24497595
14 12.24 1743.24 0.24670818
15 6.24 1749.48 0.24759133
16 2.8 1752.28 0.2479876
17 1.11 1753.39 0.24814466
18 0.51 1753.9 0.24821683
19 0.16 1754.06 0.2482395
20 0.07 1754.13 0.24824939
21 0 1754.13 0.24824939
