0 1 1 0.000142
1 4.96 5.96 0.00084361
2 14.94 20.9 0.00295786
3 42.93 63.83 0.00903343
4 110.35 174.18 0.02465044
5 228.79 402.97 0.05702947
6 347.54 750.51 0.1062143
7 372.41 1122.92 0.15891877
8 284.59 1407.51 0.19919472
9 167.57 1575.08 0.22290972
10 85.63 1660.71 0.23502835
11 38.83 1699.54 0.2405237
12 16.34 1715.88 0.24283613
13 7.1 1722.98 0.24384095
14 3.57 1726.55 0.24434619
15 1.76 1728.31 0.24459527
16 0.74 1729.05 0.24470001
17 0.33 1729.38 0.24474671
18 0.17 1729.55 0.24477077
19 0.13 1729.68 0.24478915
20 0.04 1729.72 0.24479483
21 0.02 1729.74 0.24479766
22 0.02 1729.76 0.24480049
