0 1 1 0.000142
1 3.99 4.99 0.00070632
2 12.02 17.01 0.00240731
3 36.25 53.26 0.00753748
4 93.7 146.96 0.0207982
5 206.96 353.92 0.05008776
6 331.43 685.35 0.09699265
7 366.85 1052.2 0.14891027
8 295.69 1347.89 0.19075716
9 185.41 1533.3 0.21699689
10 100.74 1634.04 0.23125392
11 47.58 1681.62 0.23798754
12 22.17 1703.79 0.24112508
13 11.79 1715.58 0.24279368
14 7.78 1723.36 0.24389473
15 5.89 1729.25 0.24472829
16 3.76 1733.01 0.2452604
17 1.94 1734.95 0.24553492
18 0.84 1735.79 0.2456538
19 0.49 1736.28 0.24572317
20 0.21 1736.49 0.24575288
21 0.05 1736.54 0.24575996
22 0.02 1736.56 0.24576279
23 0.02 1736.58 0.24576562
24 0.02 1736.6 0.24576845
25 0.01 1736.61 0.24576986
26 0 1736.61 0.24576986
