0 1 1 0.000142
1 4.2 5.2 0.000736050000000001
2 12.85 18.05 0.00255447
3 36.15 54.2 0.00767054
4 90.82 145.02 0.02052369
5 197.15 342.17 0.04842486
6 324.42 666.59 0.09433768
7 370.61 1037.2 0.14678745
8 298.33 1335.53 0.18900795
9 186.8 1522.33 0.21544437
10 94.13 1616.46 0.22876594
11 47.12 1663.58 0.23543453
12 20.85 1684.43 0.23838524
13 9.28 1693.71 0.23969855
14 4.1 1697.81 0.24027884
15 1.63 1699.44 0.2405095
16 0.83 1700.27 0.24062697
17 0.4 1700.67 0.24068359
18 0.13 1700.8 0.24070199
19 0.07 1700.87 0.24071189
20 0 1700.87 0.24071189
