0 1 1 0.000142
1 7.08 8.08 0.00114362
2 15.59 23.67 0.00334982
3 44.76 68.43 0.00968444
4 112.11 180.54 0.02555055
5 230.24 410.78 0.05813472
6 355.04 765.82 0.10838095
7 376.52 1142.34 0.16166717
8 293.56 1435.9 0.20321253
9 175.72 1611.62 0.22808097
10 89.52 1701.14 0.24075008
11 43.93 1745.07 0.24696721
12 20.63 1765.7 0.24988677
13 9.48 1775.18 0.25122841
14 3.67 1778.85 0.25174783
15 1.76 1780.61 0.2519969
16 0.66 1781.27 0.25209029
17 0.3 1781.57 0.25213277
18 0.08 1781.65 0.25214408
19 0.04 1781.69 0.25214974
20 0.03 1781.72 0.25215398
21 0.02 1781.74 0.25215681
22 0 1781.74 0.25215681
