0 1 1 0.000142
1 3.04 4.04 0.00057196
2 8.93 12.97 0.0018356
3 28.92 41.89 0.00592841
4 76.91 118.8 0.01681292
5 173.22 292.02 0.04132752
6 296.85 588.87 0.0833386
7 362.76 951.63 0.13467735
8 313.87 1265.5 0.17909708
9 209.27 1474.77 0.20871359
10 114.77 1589.54 0.22495616
11 57.68 1647.22 0.23311921
12 26.59 1673.81 0.23688224
13 11.85 1685.66 0.23855927
14 4.69 1690.35 0.23922307
15 2.06 1692.41 0.23951459
16 0.71 1693.12 0.23961509
17 0.4 1693.52 0.23967168
18 0.18 1693.7 0.23969715
19 0.07 1693.77 0.23970705
20 0.03 1693.8 0.23971131
21 0 1693.8 0.23971131
