0 1 1 0.000142
1 5.66 6.66 0.00094264
2 15.1 21.76 0.00307951
3 45.08 66.84 0.00945935
4 112.75 179.59 0.0254161
5 235.28 414.87 0.05871351
6 351.43 766.3 0.10844893
7 370.63 1136.93 0.1609015
8 276.83 1413.76 0.20007922
9 168.41 1582.17 0.22391316
10 91.34 1673.51 0.23683983
11 47.93 1721.44 0.24362298
12 23.49 1744.93 0.24694733
13 11.48 1756.41 0.24857205
14 4.96 1761.37 0.24927403
15 2.45 1763.82 0.24962074
16 0.98 1764.8 0.24975944
17 0.46 1765.26 0.24982455
18 0.21 1765.47 0.24985428
19 0.07 1765.54 0.24986418
20 0.04 1765.58 0.24986984
21 0.02 1765.6 0.24987267
22 0.02 1765.62 0.2498755
