0 1 1 0.000142
1 3.37 4.37 0.0006186
2 12.6 16.97 0.00240167
3 34.82 51.79 0.00732949
4 91.78 143.57 0.0203184
5 196.67 340.24 0.04815172
6 317.73 657.97 0.09311773
7 361.08 1019.05 0.14421879
8 298.66 1317.71 0.18648599
9 196.82 1514.53 0.21434048
10 107.35 1621.88 0.22953296
11 52.28 1674.16 0.23693183
12 23.48 1697.64 0.24025473
13 10.29 1707.93 0.24171105
14 4.41 1712.34 0.24233511
15 2.05 1714.39 0.24262523
16 0.9 1715.29 0.24275262
17 0.47 1715.76 0.24281915
18 0.09 1715.85 0.24283188
19 0.1 1715.95 0.24284603
20 0.06 1716.01 0.24285453
21 0.05 1716.06 0.24286161
22 0.01 1716.07 0.24286302
