0 1 1 0.000142
1 3.99 4.99 0.00070632
2 11.9 16.89 0.00239032
3 34.21 51.1 0.0072318
4 89.42 140.52 0.01988678
5 191.82 332.34 0.04703365
6 313.12 645.46 0.09134728
7 363.52 1008.98 0.14279368
8 305.71 1314.69 0.18605863
9 197.62 1512.31 0.21402628
10 107.71 1620.02 0.22926979
11 53.42 1673.44 0.23682991
12 24.77 1698.21 0.24033541
13 10.73 1708.94 0.24185393
14 5.05 1713.99 0.24256866
15 2 1715.99 0.2428517
16 0.73 1716.72 0.24295499
17 0.33 1717.05 0.24300169
18 0.17 1717.22 0.24302576
19 0.07 1717.29 0.24303569
20 0.03 1717.32 0.24303993
21 0.01 1717.33 0.24304135
22 0 1717.33 0.24304135
23 0.01 1717.34 0.24304276
