0 1 1 0.000142
1 3.49 4.49 0.00063556
2 8.22 12.71 0.00179878
3 26.58 39.29 0.00556046
4 69.04 108.33 0.01533119
5 156.32 264.65 0.03745407
6 267.23 531.88 0.0752731
7 328.91 860.79 0.12182145
8 292 1152.79 0.16314607
9 196.53 1349.32 0.19095954
10 115.35 1464.67 0.20728417
11 64.57 1529.24 0.21642233
12 33.9 1563.14 0.22121995
13 15.65 1578.79 0.22343479
14 7.38 1586.17 0.22447918
15 3.66 1589.83 0.2249972
16 1.4 1591.23 0.22519531
17 0.61 1591.84 0.22528165
18 0.28 1592.12 0.22532127
19 0.1 1592.22 0.2253354
20 0.04 1592.26 0.22534107
21 0 1592.26 0.22534107
