0 1 1 0.000142
1 8.26 9.26 0.00131053
2 23.51 32.77 0.00463772
3 69.28 102.05 0.01444239
4 163.78 265.83 0.03762103
5 306.85 572.68 0.0810473
6 398.95 971.63 0.13750777
7 350.24 1321.87 0.18707475
8 225.07 1546.94 0.21892724
9 123.45 1670.39 0.23639824
10 61.42 1731.81 0.24509057
11 27.84 1759.65 0.24903056
12 12.12 1771.77 0.25074582
13 5.49 1777.26 0.2515228
14 2.31 1779.57 0.25184973
15 1.06 1780.63 0.25199972
16 0.39 1781.02 0.25205495
17 0.29 1781.31 0.25209596
18 0.11 1781.42 0.25211153
19 0.03 1781.45 0.25211577
20 0.02 1781.47 0.2521186
21 0.01 1781.48 0.25212001
