0 1 1 0.000142
1 1.94 2.94 0.00041629
2 8 10.94 0.00154836
3 20.92 31.86 0.004509
4 56.15 88.01 0.01245542
5 128.7 216.71 0.03066945
6 226.25 442.96 0.06268903
7 283.55 726.51 0.10281778
8 262.79 989.3 0.14000856
9 189.14 1178.44 0.16677615
10 121.38 1299.82 0.18395421
11 68.33 1368.15 0.19362444
12 34.58 1402.73 0.1985183
13 16.78 1419.51 0.20089305
14 7.65 1427.16 0.20197573
15 3.1 1430.26 0.20241448
16 1.29 1431.55 0.20259701
17 0.43 1431.98 0.20265787
18 0.18 1432.16 0.20268335
19 0.08 1432.24 0.20269467
20 0.04 1432.28 0.20270033
21 0.01 1432.29 0.20270174
22 0.01 1432.3 0.20270316
