0 1 1 0.000142
1 2.22 3.22 0.00045589
2 8.35 11.57 0.00163749
3 22.58 34.15 0.00483311
4 61.5 95.65 0.0135367
5 139.48 235.13 0.03327627
6 241.02 476.15 0.0673861
7 307.55 783.7 0.11091149
8 283.17 1066.87 0.15098644
9 200.42 1267.29 0.17935049
10 122.34 1389.63 0.19666434
11 67.55 1457.18 0.20622421
12 34.1 1491.28 0.21105013
13 16.65 1507.93 0.21340654
14 8.1 1516.03 0.21455283
15 3.19 1519.22 0.21500425
16 1.77 1520.99 0.21525477
17 0.65 1521.64 0.2153468
18 0.31 1521.95 0.21539064
19 0.17 1522.12 0.2154147
20 0.05 1522.17 0.21542178
21 0.04 1522.21 0.21542744
22 0.02 1522.23 0.21543027
23 0.01 1522.24 0.21543169
