0 1 1 0.000142
1 3.02 4.02 0.000569049999999999
2 9.29 13.31 0.00188377
3 28.15 41.46 0.00586759
4 74.38 115.84 0.01639395
5 170.17 286.01 0.04047697
6 285.67 571.68 0.08090579
7 345.61 917.29 0.12981748
8 303.12 1220.41 0.17271584
9 206.03 1426.44 0.2018738
10 121.23 1547.67 0.21903061
11 64.64 1612.31 0.22817859
12 34.14 1646.45 0.2330102
13 16.52 1662.97 0.23534818
14 8.36 1671.33 0.23653128
15 3.87 1675.2 0.23707896
16 1.53 1676.73 0.23729551
17 0.68 1677.41 0.23739172
18 0.32 1677.73 0.23743703
19 0.13 1677.86 0.23745544
20 0.06 1677.92 0.23746392
21 0.06 1677.98 0.23747241
22 0.01 1677.99 0.23747383
