0 1 1 0.000142
1 2.65 3.65 0.00051676
2 7.78 11.43 0.0016177
3 21.71 33.14 0.00469014
4 59.31 92.45 0.01308377
5 133.49 225.94 0.03197568
6 238.71 464.65 0.06575855
7 306.66 771.31 0.10915796
8 292.56 1063.87 0.15056189
9 212 1275.87 0.18056478
10 127.73 1403.6 0.19864147
11 69.52 1473.12 0.20848012
12 36.05 1509.17 0.21358198
13 17.07 1526.24 0.21599778
14 7.44 1533.68 0.21705073
15 3.38 1537.06 0.21752903
16 1.54 1538.6 0.217747
17 0.71 1539.31 0.21784747
18 0.38 1539.69 0.21790126
19 0.12 1539.81 0.21791824
20 0.05 1539.86 0.21792531
21 0.01 1539.87 0.21792673
22 0.01 1539.88 0.21792814
