0 1 1 0.000142
1 3.89 4.89 0.0006921
2 13.19 18.08 0.00255877
3 37.64 55.72 0.00788569
4 99.93 155.65 0.02202803
5 209.1 364.75 0.05162043
6 316.66 681.41 0.09643503
7 343.54 1024.95 0.14505383
8 274.53 1299.48 0.18390601
9 174.08 1473.56 0.20854234
10 96.64 1570.2 0.22221915
11 48.37 1618.57 0.22906457
12 23.03 1641.6 0.23232381
13 10.47 1652.07 0.23380551
14 4.45 1656.52 0.23443535
15 1.98 1658.5 0.23471557
16 0.95 1659.45 0.23485001
17 0.29 1659.74 0.23489103
18 0.21 1659.95 0.23492074
19 0.06 1660.01 0.23492924
20 0.03 1660.04 0.23493349
21 0 1660.04 0.23493349
