0 1 1 0.000142
1 2.91 3.91 0.00055355
2 10.24 14.15 0.00200262
3 27.96 42.11 0.00595954
4 76.47 118.58 0.01678178
5 174.25 292.83 0.04144212
6 297.1 589.93 0.08348857
7 357.41 947.34 0.1340702
8 306.13 1253.47 0.1773946
9 207.07 1460.54 0.20669971
10 117.62 1578.16 0.22334564
11 57.22 1635.38 0.23144357
12 27.39 1662.77 0.23531989
13 11.39 1674.16 0.23693182
14 4.7 1678.86 0.237597
15 2.3 1681.16 0.23792251
16 1.32 1682.48 0.23810928
17 0.63 1683.11 0.23819848
18 0.23 1683.34 0.238231
19 0.03 1683.37 0.23823525
20 0.04 1683.41 0.23824091
