0 1 1 0.000142
1 4.92 5.92 0.00083793
2 14.03 19.95 0.00282343
3 39.2 59.15 0.00837109
4 97.69 156.84 0.02219644
5 204.86 361.7 0.05118878
6 328.68 690.38 0.09770443
7 373.58 1063.96 0.1505746
8 310.99 1374.95 0.19458677
9 198.35 1573.3 0.22265779
10 109.06 1682.36 0.23809229
11 54.49 1736.85 0.24580381
12 26.28 1763.13 0.24952305
13 11.74 1774.87 0.25118458
14 4.75 1779.62 0.25185679
15 1.95 1781.57 0.25213276
16 0.9 1782.47 0.25226012
17 0.37 1782.84 0.2523125
18 0.1 1782.94 0.25232666
19 0.04 1782.98 0.25233232
20 0.01 1782.99 0.25233374
21 0 1782.99 0.25233374
