0 1 1 0.000142
1 5.06 6.06 0.00085772
2 12.81 18.87 0.00267058
3 37.71 56.58 0.00800737
4 96.12 152.7 0.02161052
5 207.58 360.28 0.0509878
6 340.99 701.27 0.09924568
7 389.34 1090.61 0.15434617
8 312.21 1402.82 0.19853097
9 193.57 1596.39 0.22592561
10 104.84 1701.23 0.24076278
11 48.26 1749.49 0.24759269
12 22.57 1772.06 0.25078689
13 10.01 1782.07 0.25220354
14 4.43 1786.5 0.25283049
15 2.05 1788.55 0.2531206
16 0.72 1789.27 0.25322248
17 0.28 1789.55 0.25326209
18 0.14 1789.69 0.2532819
19 0.05 1789.74 0.25328897
20 0.03 1789.77 0.25329322
21 0.01 1789.78 0.25329464
22 0.02 1789.8 0.25329747
23 0.01 1789.81 0.25329888
