0 1 1 0.000142
1 2.93 3.93 0.00055634
2 10.25 14.18 0.00200683
3 28.2 42.38 0.00599777
4 73.63 116.01 0.01641806
5 168.12 284.13 0.04021086
6 290.61 574.74 0.08133888
7 360.58 935.32 0.13236909
8 317.98 1253.3 0.17737048
9 214.86 1468.16 0.20777803
10 120.29 1588.45 0.22480187
11 58.31 1646.76 0.23305404
12 26.66 1673.42 0.23682709
13 12.25 1685.67 0.23856079
14 5.22 1690.89 0.23929945
15 2.05 1692.94 0.2395896
16 0.78 1693.72 0.23969999
17 0.41 1694.13 0.23975799
18 0.16 1694.29 0.23978063
19 0.07 1694.36 0.23979055
20 0.02 1694.38 0.23979338
21 0.01 1694.39 0.2397948
