0 1 1 0.000142
1 6.15 7.15 0.00101195
2 15.23 22.38 0.00316732
3 45.21 67.59 0.00956560000000001
4 109.85 177.44 0.02511178
5 233.74 411.18 0.05819132
6 350.98 762.16 0.10786302
7 367.82 1129.98 0.15991792
8 278.35 1408.33 0.19931073
9 168.84 1577.17 0.22320548
10 91.67 1668.84 0.23617894
11 45.15 1713.99 0.24256861
12 20.93 1734.92 0.24553069
13 9.44 1744.36 0.24686672
14 4.35 1748.71 0.24748226
15 2.12 1750.83 0.24778233
16 0.98 1751.81 0.24792102
17 0.55 1752.36 0.24799885
18 0.13 1752.49 0.24801724
19 0.05 1752.54 0.24802431
20 0.07 1752.61 0.24803422
21 0.01 1752.62 0.24803564
22 0.04 1752.66 0.2480413
23 0.03 1752.69 0.24804555
