0 1 1 0.000142
1 2.69 3.69 0.00052239
2 8.38 12.07 0.00170823
3 26.65 38.72 0.00547983
4 68.49 107.21 0.01517266
5 159.12 266.33 0.03769178
6 272.93 539.26 0.07631763
7 337.86 877.12 0.12413247
8 305.94 1183.06 0.16742997
9 211.18 1394.24 0.19731675
10 119.25 1513.49 0.21419328
11 61.78 1575.27 0.22293664
12 28.43 1603.7 0.22696015
13 12.5 1616.2 0.22872913
14 5.16 1621.36 0.22945941
15 2.25 1623.61 0.22977786
16 0.94 1624.55 0.22991087
17 0.37 1624.92 0.22996325
18 0.2 1625.12 0.22999156
19 0.05 1625.17 0.22999862
20 0.05 1625.22 0.2300057
21 0.03 1625.25 0.23000995
22 0.01 1625.26 0.23001136
23 0 1625.26 0.23001136
