0 1 1 0.000142
1 5.79 6.79 0.00096103
2 17.2 23.99 0.00339518
3 47.43 71.42 0.01010762
4 121.14 192.56 0.02725163
5 247.22 439.78 0.06223888
6 360.69 800.47 0.11328474
7 363.39 1163.86 0.1647127
8 266.51 1430.37 0.20242994
9 160.44 1590.81 0.22513587
10 82.81 1673.62 0.23685537
11 40.48 1714.1 0.24258419
12 18.62 1732.72 0.24521934
13 8.05 1740.77 0.24635863
14 3.65 1744.42 0.24687518
15 1.55 1745.97 0.24709453
16 0.6 1746.57 0.24717943
17 0.18 1746.75 0.2472049
18 0.03 1746.78 0.24720915
19 0.03 1746.81 0.2472134
20 0.02 1746.83 0.24721622
21 0.01 1746.84 0.24721764
22 0 1746.84 0.24721764
