0 1 1 0.000142
1 5.22 6.22 0.0008804
2 13.74 19.96 0.00282478
3 41.72 61.68 0.00872914
4 103.58 165.26 0.02338809
5 223.53 388.79 0.05502264
6 348.46 737.25 0.1043377
7 378.05 1115.3 0.15784036
8 296.79 1412.09 0.1998429
9 181.06 1593.15 0.22546701
10 95.45 1688.6 0.23897537
11 45.24 1733.84 0.24537785
12 20.49 1754.33 0.24827772
13 8.89 1763.22 0.2495358
14 3.91 1767.13 0.25008913
15 1.72 1768.85 0.25033258
16 0.83 1769.68 0.25045002
17 0.25 1769.93 0.25048544
18 0.14 1770.07 0.25050525
19 0.17 1770.24 0.25052932
20 0.03 1770.27 0.25053356
21 0.01 1770.28 0.25053498
22 0 1770.28 0.25053498
