0 1 1 0.000142
1 2.36 3.36 0.00047571
2 9.06 12.42 0.00175781
3 25.44 37.86 0.00535809
4 68.24 106.1 0.01501562
5 153.91 260.01 0.03679735
6 259.02 519.03 0.07345461
7 314.3 833.33 0.11793525
8 278.27 1111.6 0.1573168
9 196.51 1308.11 0.18512746
10 116.41 1424.52 0.20160213
11 58.71 1483.23 0.20991088
12 26.92 1510.15 0.2137207
13 12 1522.15 0.21541895
14 5.19 1527.34 0.21615346
15 2.3 1529.64 0.21647898
16 1.05 1530.69 0.21662755
17 0.5 1531.19 0.21669835
18 0.2 1531.39 0.21672665
19 0.13 1531.52 0.21674503
20 0.06 1531.58 0.21675352
21 0.02 1531.6 0.21675636
22 0.01 1531.61 0.21675778
23 0 1531.61 0.21675778
