0 1 1 0.000142
1 2.63 3.63 0.00051392
2 9.96 13.59 0.00192337
3 27.67 41.26 0.00583925
4 73.23 114.49 0.01620295
5 161.99 276.48 0.03912819
6 275.25 551.73 0.07808237
7 335.62 887.35 0.12558021
8 299.48 1186.83 0.16796352
9 210.61 1397.44 0.19776956
10 128.88 1526.32 0.21600908
11 75.06 1601.38 0.22663181
12 40.06 1641.44 0.23230116
13 20.16 1661.6 0.23515427
14 9.52 1671.12 0.23650155
15 4.25 1675.37 0.23710306
16 1.82 1677.19 0.23736063
17 0.94 1678.13 0.23749366
18 0.48 1678.61 0.23756157
19 0.28 1678.89 0.23760121
20 0.09 1678.98 0.23761394
21 0.04 1679.02 0.2376196
22 0.02 1679.04 0.23762243
