0 1 1 0.000142
1 2.76 3.76 0.0005323
2 8.75 12.51 0.00177049
3 24.25 36.76 0.00520244
4 64.73 101.49 0.01436321
5 145.4 246.89 0.03494057
6 252.63 499.52 0.07069347
7 312.99 812.51 0.11498869
8 285.8 1098.31 0.15543595
9 203.51 1301.82 0.18423723
10 124.95 1426.77 0.20192048
11 65.17 1491.94 0.21114348
12 32.96 1524.9 0.21580811
13 17.13 1542.03 0.21823235
14 8.65 1550.68 0.21945661
15 3.76 1554.44 0.21998871
16 1.59 1556.03 0.22021374
17 0.6 1556.63 0.22029867
18 0.29 1556.92 0.22033969
19 0.17 1557.09 0.22036375
20 0.02 1557.11 0.22036658
21 0.01 1557.12 0.220368
22 0.01 1557.13 0.22036941
23 0 1557.13 0.22036941
