0 1 1 0.000142
1 2.48 3.48 0.00049268
2 10.59 14.07 0.00199128
3 27.48 41.55 0.00588032
4 74.55 116.1 0.01643083
5 167.41 283.51 0.04012319
6 288.98 572.49 0.08102038
7 354.74 927.23 0.13122422
8 309.01 1236.24 0.17495616
9 209.15 1445.39 0.20455563
10 115.22 1560.61 0.22086188
11 57.44 1618.05 0.22899101
12 25.67 1643.72 0.23262383
13 11.34 1655.06 0.23422873
14 4.84 1659.9 0.23491371
15 2.17 1662.07 0.23522078
16 1.06 1663.13 0.23537078
17 0.48 1663.61 0.23543873
18 0.25 1663.86 0.23547407
19 0.11 1663.97 0.23548967
20 0.03 1664 0.23549391
21 0 1664 0.23549391
