0 1 1 0.000142
1 2.4 3.4 0.000481329999999999
2 8.24 11.64 0.00164735
3 20.47 32.11 0.00454434
4 56.86 88.97 0.01259128
5 127.33 216.3 0.03061141
6 227 443.3 0.06273712
7 295.17 738.47 0.10451039
8 281.17 1019.64 0.1443023
9 210.72 1230.36 0.17412395
10 132.08 1362.44 0.19281633
11 77.53 1439.97 0.2037886
12 39.54 1479.51 0.20938441
13 19.87 1499.38 0.2121965
14 9.37 1508.75 0.21352249
15 4.22 1512.97 0.21411972
16 1.99 1514.96 0.21440136
17 1.02 1515.98 0.21454572
18 0.45 1516.43 0.21460941
19 0.21 1516.64 0.21463911
20 0.13 1516.77 0.21465753
21 0.04 1516.81 0.21466319
22 0.02 1516.83 0.21466603
23 0 1516.83 0.21466603
