0 1 1 0.000142
1 2.79 3.79 0.00053654
2 9.59 13.38 0.00189362
3 26.79 40.17 0.005685
4 70.46 110.63 0.01565673
5 153.69 264.32 0.03740736
6 250.68 515 0.07288424
7 300.23 815.23 0.11537364
8 270.2 1085.43 0.15361311
9 193.42 1278.85 0.18098646
10 116.89 1395.74 0.1975291
11 63.16 1458.9 0.20646762
12 31.51 1490.41 0.21092701
13 14.49 1504.9 0.21297769
14 6.72 1511.62 0.21392871
15 2.98 1514.6 0.21435043
16 1.46 1516.06 0.21455708
17 0.65 1516.71 0.21464908
18 0.22 1516.93 0.2146802
19 0.04 1516.97 0.21468586
20 0.06 1517.03 0.21469435
21 0 1517.03 0.21469435
