0 1 1 0.000142
1 1.44 2.44 0.00034552
2 6.54 8.98 0.001271
3 16.61 25.59 0.00362167
4 45.76 71.35 0.01009778
5 106.88 178.23 0.02522373
6 191.39 369.62 0.05230975
7 250.2 619.82 0.08771876
8 234.01 853.83 0.12083654
9 165.86 1019.69 0.14430952
10 99.89 1119.58 0.15844623
11 53.44 1173.02 0.16600919
12 25.16 1198.18 0.16956987
13 11.08 1209.26 0.17113797
14 4.8 1214.06 0.17181723
15 2.16 1216.22 0.17212296
16 1.11 1217.33 0.17228008
17 0.49 1217.82 0.17234942
18 0.14 1217.96 0.17236925
19 0.03 1217.99 0.17237348
20 0.02 1218.01 0.17237632
21 0.01 1218.02 0.17237773
