0 1 1 0.000142
1 2 3 0.00042476
2 7.18 10.18 0.00144085
3 19.49 29.67 0.00419903
4 52.98 82.65 0.01169695
5 126.4 209.05 0.02958536
6 239.62 448.67 0.06349707
7 329.2 777.87 0.11008637
8 321.19 1099.06 0.15554204
9 230.61 1329.67 0.18817862
10 127.24 1456.91 0.20618602
11 61.76 1518.67 0.21492645
12 27.54 1546.21 0.21882398
13 12.69 1558.9 0.22061989
14 5.76 1564.66 0.22143507
15 2.49 1567.15 0.22178747
16 1.15 1568.3 0.22195023
17 0.5 1568.8 0.22202097
18 0.29 1569.09 0.22206202
19 0.15 1569.24 0.22208326
20 0.09 1569.33 0.22209598
21 0.04 1569.37 0.22210164
22 0.02 1569.39 0.22210447
23 0 1569.39 0.22210447
