0 1 1 0.000142
1 2.92 3.92 0.00055487
2 8.09 12.01 0.00169971
3 22.16 34.17 0.00483585
4 60.29 94.46 0.01336821
5 137.59 232.05 0.03284034
6 238.78 470.83 0.06663318
7 298.89 769.72 0.10893294
8 275.04 1044.76 0.14785734
9 196.08 1240.84 0.17560716
10 120.27 1361.11 0.19262808
11 65.48 1426.59 0.20189499
12 31.94 1458.53 0.20641526
13 14.05 1472.58 0.20840366
14 6.47 1479.05 0.20931927
15 2.9 1481.95 0.20972969
16 1.21 1483.16 0.20990096
17 0.73 1483.89 0.21000427
18 0.13 1484.02 0.21002266
19 0.11 1484.13 0.21003822
20 0.03 1484.16 0.21004247
21 0.05 1484.21 0.21004955
22 0.03 1484.24 0.2100538
23 0.02 1484.26 0.21005663
