0 1 1 0.000142
1 7.56 8.56 0.00121152
2 19.98 28.54 0.0040391
3 54.79 83.33 0.01179311
4 132.15 215.48 0.03049529
5 267.7 483.18 0.068381
6 379.19 862.37 0.12204503
7 373.71 1236.08 0.17493344
8 261.16 1497.24 0.21189357
9 149.09 1646.33 0.2329932
10 74.85 1721.18 0.24358618
11 35.13 1756.31 0.24855791
12 15.56 1771.87 0.25075992
13 6.63 1778.5 0.25169829
14 2.91 1781.41 0.25211013
15 1.21 1782.62 0.25228135
16 0.53 1783.15 0.25235637
17 0.3 1783.45 0.25239883
18 0.17 1783.62 0.25242286
19 0.05 1783.67 0.25242993
20 0.01 1783.68 0.25243135
21 0.01 1783.69 0.25243276
