0 1 1 0.000142
1 5.21 6.21 0.00087895
2 13.26 19.47 0.00275544
3 38.5 57.97 0.00820407
4 93.28 151.25 0.02140532
5 204.51 355.76 0.05034814
6 323.69 679.45 0.0961576200000001
7 365.4 1044.85 0.14787008
8 300.93 1345.78 0.19045856
9 193.97 1539.75 0.21790968
10 112.02 1651.77 0.23376312
11 62.46 1714.23 0.24260261
12 34.16 1748.39 0.247437
13 19.88 1768.27 0.25025051
14 10.5 1778.77 0.25173643
15 5.1 1783.87 0.2524582
16 2.04 1785.91 0.25274689
17 0.75 1786.66 0.25285303
18 0.31 1786.97 0.25289689
19 0.1 1787.07 0.25291105
20 0.01 1787.08 0.25291246
21 0.01 1787.09 0.25291388
