0 1 1 0.000142
1 2.22 3.22 0.00045587
2 6.97 10.19 0.00144217
3 20.09 30.28 0.00428536
4 52.76 83.04 0.01175208
5 126.04 209.08 0.02958954
6 229.82 438.9 0.06211441
7 304.74 743.64 0.10524204
8 283.45 1027.09 0.14535667
9 203.44 1230.53 0.17414807
10 123.07 1353.6 0.1915653
11 68.08 1421.68 0.20120014
12 35.67 1457.35 0.20624823
13 19.28 1476.63 0.20897682
14 9.69 1486.32 0.21034819
15 4.72 1491.04 0.21101617
16 2.13 1493.17 0.21131766
17 0.96 1494.13 0.2114535
18 0.41 1494.54 0.21151151
19 0.17 1494.71 0.21153558
20 0.12 1494.83 0.21155256
21 0.05 1494.88 0.21155962
22 0.04 1494.92 0.2115653
23 0 1494.92 0.2115653
24 0.01 1494.93 0.21156671
