0 1 1 0.000142
1 2.41 3.41 0.00048275
2 9.85 13.26 0.00187669
3 25.88 39.14 0.00553927
4 71.84 110.98 0.01570626
5 154.47 265.45 0.03756725
6 260.29 525.74 0.07440423
7 309.64 835.38 0.11822534
8 281.81 1117.19 0.15810782
9 199.79 1316.98 0.18638273
10 117.85 1434.83 0.20306118
11 60.96 1495.79 0.21168845
12 31.91 1527.7 0.21620438
13 15.57 1543.27 0.21840793
14 6.97 1550.24 0.2193943
15 3.01 1553.25 0.21982029
16 1.48 1554.73 0.22002978
17 0.55 1555.28 0.22010762
18 0.19 1555.47 0.22013453
19 0.04 1555.51 0.22014018
20 0.01 1555.52 0.2201416
21 0 1555.52 0.2201416
