0 1 1 0.000142
1 2.23 3.23 0.00045726
2 9.02 12.25 0.00173373
3 25 37.25 0.00527178
4 66.38 103.63 0.01466604
5 153.16 256.79 0.03634165
6 262.67 519.46 0.07351546
7 332.49 851.95 0.12057035
8 301.44 1153.39 0.163231
9 218.28 1371.67 0.19412257
10 131.96 1503.63 0.21279793
11 70.21 1573.84 0.22273426
12 36.99 1610.83 0.22796916
13 21.5 1632.33 0.23101188
14 14.5 1646.83 0.23306399
15 9.72 1656.55 0.23443962
16 5.88 1662.43 0.23527171
17 3.06 1665.49 0.2357048
18 1.19 1666.68 0.23587319
19 0.53 1667.21 0.23594819
20 0.27 1667.48 0.23598639
21 0.11 1667.59 0.23600197
22 0 1667.59 0.23600197
