0 1 1 0.000142
1 2.3 3.3 0.00046717
2 8.12 11.42 0.00161623
3 24.23 35.65 0.00504531
4 65.33 100.98 0.01429103
5 152.62 253.6 0.0358902
6 262.65 516.25 0.07306116
7 331.23 847.48 0.11993773
8 293.94 1141.42 0.16153696
9 204.53 1345.95 0.19048261
10 118.1 1464.05 0.20719649
11 62.43 1526.48 0.21603168
12 32.87 1559.35 0.22068354
13 15.59 1574.94 0.22288998
14 7.12 1582.06 0.22389756
15 3.16 1585.22 0.22434481
16 1.15 1586.37 0.22450751
17 0.61 1586.98 0.22459387
18 0.16 1587.14 0.2246165
19 0.05 1587.19 0.22462357
20 0.01 1587.2 0.22462499
21 0 1587.2 0.22462499
