0 1 1 0.000142
1 2.94 3.94 0.00055779
2 9.9 13.84 0.00195871
3 27.39 41.23 0.00583503
4 74.46 115.69 0.01637279
5 162.36 278.05 0.03935045
6 278.72 556.77 0.07879565
7 338.05 894.82 0.12663747
8 291.74 1186.56 0.16792528
9 193.88 1380.44 0.19536376
10 109.9 1490.34 0.2109171
11 55.98 1546.32 0.21883951
12 25.98 1572.3 0.2225163
13 11.63 1583.93 0.22416221
14 5.68 1589.61 0.22496603
15 2.54 1592.15 0.22532553
16 1.04 1593.19 0.22547271
17 0.42 1593.61 0.22553214
18 0.27 1593.88 0.22557035
19 0.08 1593.96 0.22558166
20 0.01 1593.97 0.22558308
21 0 1593.97 0.22558308
