0 1 1 0.000142
1 5.2 6.2 0.00087757
2 13.29 19.49 0.00275831
3 37.57 57.06 0.00807527
4 95.2 152.26 0.02154827
5 200.21 352.47 0.04988249
6 322.54 675.01 0.0955293
7 360.05 1035.06 0.14648457
8 301.97 1337.03 0.18922021
9 205.45 1542.48 0.2182961
10 120.71 1663.19 0.2353793
11 63.82 1727.01 0.24441118
12 30.28 1757.29 0.24869662
13 14.08 1771.37 0.25068923
14 6.32 1777.69 0.25158364
15 2.49 1780.18 0.25193604
16 1.47 1781.65 0.25214407
17 0.51 1782.16 0.25221626
18 0.2 1782.36 0.25224457
19 0.08 1782.44 0.25225589
20 0.05 1782.49 0.25226297
21 0.01 1782.5 0.25226439
22 0 1782.5 0.25226439
