0 1 1 0.000142
1 2.35 3.35 0.00047427
2 6.84 10.19 0.00144214
3 22.23 32.42 0.00458817
4 57.78 90.2 0.01276539
5 138.8 229 0.03240867
6 250.3 479.3 0.06783189
7 333.81 813.11 0.11507362
8 317.62 1130.73 0.16002406
9 228.34 1359.07 0.1923394
10 138.29 1497.36 0.21191054
11 79.33 1576.69 0.22313758
12 42.64 1619.33 0.22917213
13 21.59 1640.92 0.23222758
14 9.93 1650.85 0.23363294
15 4.33 1655.18 0.23424569
16 1.82 1657 0.23450326
17 0.63 1657.63 0.2345924
18 0.22 1657.85 0.23462352
19 0.14 1657.99 0.23464334
20 0 1657.99 0.23464334
21 0.02 1658.01 0.23464617
22 0.02 1658.03 0.234649
