0 1 1 0.000142
1 2.56 3.56 0.00050398
2 10.34 13.9 0.00196722
3 28.83 42.73 0.00604728
4 76.3 119.03 0.01684547
5 164.47 283.5 0.04012173
6 271.17 554.67 0.0784985
7 321.03 875.7 0.12393153
8 269.34 1145.04 0.1620493
9 171.9 1316.94 0.18637701
10 91.55 1408.49 0.19933347
11 46.01 1454.5 0.2058449
12 21.45 1475.95 0.20888059
13 10.36 1486.31 0.21034677
14 4.5 1490.81 0.21098357
15 2.16 1492.97 0.21128932
16 1.07 1494.04 0.21144076
17 0.48 1494.52 0.21150867
18 0.13 1494.65 0.21152705
19 0.04 1494.69 0.21153271
20 0.04 1494.73 0.21153837
21 0.02 1494.75 0.21154121
22 0.02 1494.77 0.21154403
23 0 1494.77 0.21154403
