0 1 1 0.000142
1 2.36 3.36 0.00047569
2 8.12 11.48 0.00162476
3 22.36 33.84 0.0047892
4 62.07 95.91 0.01357351
5 140.6 236.51 0.03347157
6 241.42 477.93 0.06763807
7 295.13 773.06 0.10940567
8 264.47 1037.53 0.1468342
9 189.61 1227.14 0.1736683
10 118.29 1345.43 0.19040903
11 63.98 1409.41 0.19946364
12 31.19 1440.6 0.20387777
13 15.02 1455.62 0.20600344
14 6.77 1462.39 0.20696152
15 3.32 1465.71 0.20743141
16 1.31 1467.02 0.20761681
17 0.45 1467.47 0.2076805
18 0.26 1467.73 0.2077173
19 0.14 1467.87 0.20773711
20 0.07 1467.94 0.20774701
21 0.03 1467.97 0.20775126
22 0.01 1467.98 0.20775267
23 0 1467.98 0.20775267
