0 1 1 0.000142
1 2.31 3.31 0.00046862
2 9.55 12.86 0.00182003
3 28.53 41.39 0.00585766
4 74.21 115.6 0.01636006
5 162.55 278.15 0.0393646
6 271.8 549.95 0.07783046
7 331.53 881.48 0.1247495
8 300.91 1182.39 0.16733515
9 217.66 1400.05 0.198139
10 133.7 1533.75 0.21706064
11 68.98 1602.73 0.22682287
12 32.01 1634.74 0.23135301
13 15.09 1649.83 0.23348859
14 7.02 1656.85 0.23448209
15 3.24 1660.09 0.2349406
16 1.37 1661.46 0.23513447
17 0.77 1662.23 0.23524346
18 0.25 1662.48 0.2352788
19 0.16 1662.64 0.23530146
20 0.06 1662.7 0.23530996
21 0.02 1662.72 0.23531279
22 0.02 1662.74 0.23531562
23 0 1662.74 0.23531562
