0 1 1 0.000142
1 2.18 3.18 0.00045018
2 7.91 11.09 0.00156957
3 21.52 32.61 0.0046151
4 58.29 90.9 0.01286448
5 132.31 223.21 0.03158931
6 240.09 463.3 0.06556756
7 308.15 771.45 0.1091778
8 281.13 1052.58 0.14896411
9 195.07 1247.65 0.17657094
10 111.37 1359.02 0.1923323
11 57.14 1416.16 0.2004189
12 26.4 1442.56 0.20415519
13 12.25 1454.81 0.20588875
14 5.56 1460.37 0.20667564
15 2.13 1462.5 0.20697707
16 1.02 1463.52 0.20712144
17 0.38 1463.9 0.20717522
18 0.14 1464.04 0.20719502
19 0.03 1464.07 0.20719927
20 0 1464.07 0.20719927
