0 1 1 0.000142
1 2.73 3.73 0.00052803
2 9.02 12.75 0.00180448
3 25.92 38.67 0.00547277
4 72.35 111.02 0.01571192
5 160.61 271.63 0.03844187
6 274.28 545.91 0.07725871
7 333.38 879.29 0.12443962
8 296.22 1175.51 0.16636154
9 205.35 1380.86 0.19542319
10 120.39 1501.25 0.21246107
11 64.54 1565.79 0.22159499
12 32.8 1598.59 0.22623696
13 17.19 1615.78 0.22866975
14 9.64 1625.42 0.23003399
15 5.38 1630.8 0.23079536
16 2.25 1633.05 0.23111381
17 0.98 1634.03 0.23125253
18 0.48 1634.51 0.23132047
19 0.2 1634.71 0.23134877
20 0.04 1634.75 0.23135443
21 0.03 1634.78 0.23135867
