0 1 1 0.000142
1 10.17 11.17 0.00158078
2 26.09 37.26 0.00527307
3 75.6 112.86 0.01597228
4 176.09 288.95 0.04089297
5 321.75 610.7 0.08642797
6 402.19 1012.89 0.14334702
7 341 1353.89 0.19160631
8 212.41 1566.3 0.22166717
9 112.02 1678.32 0.23752054
10 52.83 1731.15 0.24499713
11 22.93 1754.08 0.24824233
12 9.69 1763.77 0.24961366
13 4.39 1768.16 0.25023491
14 1.97 1770.13 0.25051371
15 0.84 1770.97 0.25063261
16 0.36 1771.33 0.25068356
17 0.08 1771.41 0.25069487
18 0.04 1771.45 0.25070053
19 0.03 1771.48 0.25070477
20 0.03 1771.51 0.25070902
21 0.02 1771.53 0.25071185
22 0.01 1771.54 0.25071326
23 0.01 1771.55 0.25071468
24 0.01 1771.56 0.2507161
25 0 1771.56 0.2507161
26 0.01 1771.57 0.25071751
