0 1 1 0.000142
1 3.31 4.31 0.00061012
2 11.27 15.58 0.002205
3 31.22 46.8 0.0066233
4 83.89 130.69 0.01849559
5 181.7 312.39 0.0442103
6 293.16 605.55 0.08569912
7 328.89 934.44 0.13224459
8 277.89 1212.33 0.17157232
9 187.19 1399.52 0.19806395
10 112.39 1511.91 0.21396978
11 59.93 1571.84 0.22245121
12 28.41 1600.25 0.22647187
13 12.74 1612.99 0.22827478
14 5.38 1618.37 0.22903625
15 2.55 1620.92 0.22939711
16 1.13 1622.05 0.22955704
17 0.46 1622.51 0.2296221
18 0.33 1622.84 0.22966882
19 0.11 1622.95 0.22968439
20 0.08 1623.03 0.22969571
21 0.03 1623.06 0.22969996
22 0.03 1623.09 0.2297042
23 0 1623.09 0.2297042
