0 1 1 0.000142
1 7.15 8.15 0.00115349
2 18.68 26.83 0.00379702
3 51.66 78.49 0.01110812
4 128.1 206.59 0.02923716
5 260.07 466.66 0.06604303
6 377.16 843.82 0.11941977
7 375.63 1219.45 0.17257993
8 267.11 1486.56 0.21038209
9 150.59 1637.15 0.23169399
10 78.17 1715.32 0.24275687
11 37.59 1752.91 0.24807669
12 16.62 1769.53 0.2504288
13 7.47 1777 0.25148598
14 3.53 1780.53 0.25198554
15 1.45 1781.98 0.25219073
16 0.51 1782.49 0.25226296
17 0.19 1782.68 0.25228985
18 0.06 1782.74 0.25229835
19 0.03 1782.77 0.25230259
20 0 1782.77 0.25230259
