0 1 1 0.000142
1 2.38 3.38 0.00047851
2 8.37 11.75 0.00166294
3 22.58 34.33 0.00485853
4 62.18 96.51 0.01365837
5 139.98 236.49 0.03346879
6 243.86 480.35 0.0679805
7 308.4 788.75 0.11162614
8 290.6 1079.35 0.15275267
9 212.21 1291.56 0.18278519
10 131.59 1423.15 0.20140823
11 69.94 1493.09 0.21130627
12 34.22 1527.31 0.21614921
13 14.73 1542.04 0.21823381
14 6.54 1548.58 0.21915941
15 3.31 1551.89 0.21962785
16 1.59 1553.48 0.21985284
17 0.68 1554.16 0.21994909
18 0.32 1554.48 0.21999439
19 0.1 1554.58 0.22000856
20 0.05 1554.63 0.22001563
21 0 1554.63 0.22001563
