0 1 1 0.000142
1 2.32 3.32 0.00046999
2 9.01 12.33 0.00174502
3 26.25 38.58 0.00545999
4 68.74 107.32 0.0151882
5 154.8 262.12 0.03709594
6 257.42 519.54 0.0735268
7 318.07 837.61 0.11854093
8 289.31 1126.92 0.15948487
9 208.04 1334.96 0.18892728
10 122.53 1457.49 0.20626807
11 65.79 1523.28 0.21557888
12 34.9 1558.18 0.22051806
13 17.14 1575.32 0.22294371
14 8.35 1583.67 0.22412542
15 3.81 1587.48 0.22466455
16 1.79 1589.27 0.22491791
17 0.87 1590.14 0.22504104
18 0.36 1590.5 0.22509198
19 0.11 1590.61 0.22510754
20 0.02 1590.63 0.22511036
21 0 1590.63 0.22511036
