0 1 1 0.000142
1 2.11 3.11 0.00044033
2 7.77 10.88 0.00153986
3 20.22 31.1 0.00440145
4 53.89 84.99 0.01202807
5 124.11 209.1 0.02959252
6 216.96 426.06 0.06029731
7 274.37 700.43 0.09912685
8 267.37 967.8 0.13696587
9 206.49 1174.29 0.16618887
10 133.73 1308.02 0.18511474
11 74.52 1382.54 0.19566101
12 37.37 1419.91 0.20094967
13 17.64 1437.55 0.20344612
14 8.23 1445.78 0.20461089
15 3.55 1449.33 0.20511325
16 1.55 1450.88 0.20533262
17 0.67 1451.55 0.20542745
18 0.42 1451.97 0.20548686
19 0.17 1452.14 0.20551092
20 0.06 1452.2 0.20551942
21 0.04 1452.24 0.20552509
22 0.02 1452.26 0.20552792
23 0.01 1452.27 0.20552933
24 0.01 1452.28 0.20553075
25 0.02 1452.3 0.20553358
26 0 1452.3 0.20553358
