0 1 1 0.000142
1 3.08 4.08 0.00057757
2 10.84 14.92 0.00211158
3 30.13 45.05 0.00637563
4 77.77 122.82 0.01738187
5 168.93 291.75 0.04128928
6 277.77 569.52 0.0806001
7 327.24 896.76 0.126912
8 281.34 1178.1 0.16672803
9 187.9 1366 0.1933201
10 107.28 1473.28 0.20850275
11 55.45 1528.73 0.2163502
12 29.2 1557.93 0.22048265
13 14.62 1572.55 0.22255171
14 7.51 1580.06 0.22361455
15 3.6 1583.66 0.22412402
16 1.7 1585.36 0.22436464
17 0.78 1586.14 0.22447504
18 0.38 1586.52 0.22452882
19 0.11 1586.63 0.22454438
20 0.04 1586.67 0.22455003
21 0.01 1586.68 0.22455144
22 0 1586.68 0.22455144
