0 1 1 0.000142
1 3.88 4.88 0.00069076
2 10.74 15.62 0.00221064
3 32.18 47.8 0.00676483
4 85.74 133.54 0.01889897
5 189.65 323.19 0.04573879
6 309.89 633.08 0.08959529
7 356.44 989.52 0.14003969
8 296.96 1286.48 0.18206623
9 193.07 1479.55 0.20939004
10 107.8 1587.35 0.22464615
11 52.85 1640.2 0.23212568
12 24.7 1664.9 0.23562127
13 11.12 1676.02 0.23719504
14 4.68 1680.7 0.23785736
15 2.27 1682.97 0.23817864
16 0.94 1683.91 0.23831165
17 0.48 1684.39 0.23837959
18 0.19 1684.58 0.23840648
19 0.06 1684.64 0.23841498
20 0.02 1684.66 0.23841781
21 0 1684.66 0.23841781
