0 1 1 0.000142
1 3.19 4.19 0.00059319
2 7.55 11.74 0.00166151
3 25.08 36.82 0.00521092
4 64.54 101.36 0.01434475
5 151.31 252.67 0.0357586
6 265.02 517.69 0.07326496
7 333.14 850.83 0.12041192
8 308.15 1158.98 0.16402206
9 214.99 1373.97 0.1944481
10 130.19 1504.16 0.21287292
11 70.25 1574.41 0.22281494
12 35.71 1610.12 0.22786868
13 16.15 1626.27 0.23015431
14 7.28 1633.55 0.23118462
15 3.24 1636.79 0.2316431
16 1.43 1638.22 0.23184548
17 0.54 1638.76 0.23192192
18 0.2 1638.96 0.23195021
19 0.1 1639.06 0.23196436
20 0.01 1639.07 0.23196578
21 0.01 1639.08 0.23196719
