0 1 1 0.000142
1 3.71 4.71 0.00066673
2 11.71 16.42 0.00232386
3 35.24 51.66 0.00731107
4 89.2 140.86 0.01993492
5 194.81 335.67 0.04750501
6 312.4 648.07 0.0917166600000001
7 352.08 1000.15 0.14154403
8 285.92 1286.07 0.18200827
9 183.35 1469.42 0.20795644
10 103.96 1573.38 0.22266912
11 53.45 1626.83 0.23023348
12 25.38 1652.21 0.23382538
13 12.26 1664.47 0.23556046
14 5.33 1669.8 0.23631475
15 2.59 1672.39 0.23668129
16 1.07 1673.46 0.2368327
17 0.4 1673.86 0.23688933
18 0.2 1674.06 0.23691763
19 0.08 1674.14 0.23692896
20 0 1674.14 0.23692896
21 0.01 1674.15 0.23693037
