0 1 1 0.000142
1 2.81 3.81 0.00053935
2 10.35 14.16 0.00200405
3 29.68 43.84 0.00620438
4 78.56 122.4 0.01732239
5 171.52 293.92 0.0415964
6 277.3 571.22 0.08084066
7 335.08 906.3 0.12826211
8 295.74 1202.04 0.17011599
9 205.05 1407.09 0.19913531
10 120.61 1527.7 0.21620436
11 68.46 1596.16 0.22589308
12 35.6 1631.76 0.23093123
13 17.61 1649.37 0.23342346
14 8.78 1658.15 0.23466605
15 4.08 1662.23 0.23524347
16 1.91 1664.14 0.23551375
17 0.9 1665.04 0.23564113
18 0.22 1665.26 0.23567227
19 0.12 1665.38 0.23568925
20 0.04 1665.42 0.23569492
21 0.03 1665.45 0.23569916
22 0 1665.45 0.23569916
