0 1 1 0.000142
1 2.51 3.51 0.00049691
2 5.97 9.48 0.0013417
3 19.54 29.02 0.00410704
4 49.97 78.99 0.01117891
5 122.63 201.62 0.02853384
6 225.96 427.58 0.06051234
7 297.46 725.04 0.10260971
8 284.18 1009.22 0.14282766
9 214.45 1223.67 0.17317724
10 135.44 1359.11 0.1923451
11 74.55 1433.66 0.2028956
12 40.64 1474.3 0.20864712
13 20.08 1494.38 0.21148882
14 9.3 1503.68 0.21280501
15 4.22 1507.9 0.21340225
16 1.77 1509.67 0.21365273
17 0.79 1510.46 0.21376451
18 0.34 1510.8 0.21381265
19 0.17 1510.97 0.21383669
20 0.04 1511.01 0.21384236
21 0.01 1511.02 0.21384377
