0 1 1 0.000142
1 3.1 4.1 0.00058036
2 9 13.1 0.00185395
3 25.32 38.42 0.00543732
4 66.3 104.72 0.01482025
5 150.24 254.96 0.03608262
6 266.4 521.36 0.07378433
7 341.7 863.06 0.1221427
8 311.81 1174.87 0.16627088
9 221.45 1396.32 0.19761105
10 137.77 1534.09 0.2171087
11 78.94 1613.03 0.22828048
12 43.94 1656.97 0.234499
13 21.92 1678.89 0.23760121
14 10.24 1689.13 0.23905042
15 4.82 1693.95 0.23973258
16 1.82 1695.77 0.23999015
17 0.8 1696.57 0.24010336
18 0.43 1697 0.24016421
19 0.2 1697.2 0.24019252
20 0.04 1697.24 0.24019818
21 0.02 1697.26 0.24020101
22 0.01 1697.27 0.24020243
23 0 1697.27 0.24020243
