0 1 1 0.000142
1 2.9 3.9 0.00055207
2 8.23 12.13 0.00171676
3 24.72 36.85 0.00521512
4 63.94 100.79 0.01426409
5 144.45 245.24 0.03470708
6 256.26 501.5 0.07097372
7 332.86 834.36 0.11808101
8 320.41 1154.77 0.16342633
9 239.25 1394.02 0.19728562
10 144.13 1538.15 0.21768327
11 76.62 1614.77 0.2285268
12 38.7 1653.47 0.23400365
13 16.94 1670.41 0.2364011
14 6.88 1677.29 0.23737479
15 3.09 1680.38 0.23781208
16 1.62 1682 0.23804132
17 0.59 1682.59 0.23812482
18 0.27 1682.86 0.23816303
19 0.13 1682.99 0.23818143
20 0.04 1683.03 0.23818709
21 0.01 1683.04 0.23818851
22 0.02 1683.06 0.23819134
