0 1 1 0.000142
1 1.69 2.69 0.000380869999999999
2 6.5 9.19 0.00130072
3 20.15 29.34 0.00415237
4 52.3 81.64 0.01155402
5 122.41 204.05 0.02887776
6 224.91 428.96 0.06070767
7 287.68 716.64 0.10142094
8 264.08 980.72 0.13879425
9 190.05 1170.77 0.16569068
10 113.21 1283.98 0.18171247
11 62.25 1346.23 0.19052227
12 33.14 1379.37 0.19521233
13 16.91 1396.28 0.19760546
14 8.37 1404.65 0.19879001
15 3.99 1408.64 0.19935471
16 1.57 1410.21 0.19957688
17 0.67 1410.88 0.1996717
18 0.27 1411.15 0.19970991
19 0.13 1411.28 0.19972831
20 0.02 1411.3 0.19973114
21 0.02 1411.32 0.19973397
22 0 1411.32 0.19973397
