0 1 1 0.000142
1 9.94 10.94 0.00154829
2 22.92 33.86 0.004792
3 65.94 99.8 0.01412399
4 153.28 253.08 0.03581657
5 295.95 549.03 0.07770029
6 392.93 941.96 0.13330884
7 360.52 1302.48 0.1843306
8 240.1 1542.58 0.21831025
9 129.92 1672.5 0.23669685
10 62.63 1735.13 0.24556044
11 29.18 1764.31 0.24969007
12 12.06 1776.37 0.25139678
13 5.27 1781.64 0.25214263
14 2.18 1783.82 0.25245118
15 0.95 1784.77 0.25258562
16 0.49 1785.26 0.25265496
17 0.18 1785.44 0.25268042
18 0.09 1785.53 0.25269314
19 0.14 1785.67 0.25271296
20 0.07 1785.74 0.25272287
21 0.03 1785.77 0.25272712
22 0.01 1785.78 0.25272853
23 0 1785.78 0.25272853
