0 1 1 0.000142
1 2.89 3.89 0.00055064
2 11.99 15.88 0.00224746
3 33.12 49 0.00693465
4 87.18 136.18 0.01927263
5 184.91 321.09 0.04544156
6 288.56 609.65 0.08627932
7 331.87 941.52 0.13324656
8 277.31 1218.83 0.17249229
9 186.09 1404.92 0.19882826
10 106.07 1510.99 0.21383956
11 53.69 1564.68 0.2214379
12 25.01 1589.69 0.22497743
13 10.38 1600.07 0.22644641
14 4.75 1604.82 0.22711859
15 2.19 1607.01 0.22742853
16 0.92 1607.93 0.22755874
17 0.37 1608.3 0.22761109
18 0.08 1608.38 0.22762242
19 0.05 1608.43 0.2276295
20 0.02 1608.45 0.22763232
21 0 1608.45 0.22763232
