0 1 1 0.000142
1 2.89 3.89 0.00055067
2 8.81 12.7 0.00179742
3 22.86 35.56 0.00503263
4 60.12 95.68 0.01354097
5 136.89 232.57 0.03291399
6 249.69 482.26 0.0682508
7 323.04 805.3 0.11396832
8 308.77 1114.07 0.1576663
9 234.15 1348.22 0.19080389
10 141.25 1489.47 0.21079392
11 77.1 1566.57 0.22170542
12 37.82 1604.39 0.22705779
13 16.92 1621.31 0.22945236
14 7.54 1628.85 0.23051943
15 3.41 1632.26 0.231002
16 1.52 1633.78 0.23121714
17 0.79 1634.57 0.2313289
18 0.31 1634.88 0.23137281
19 0.08 1634.96 0.23138411
20 0.01 1634.97 0.23138553
