0 1 1 0.000142
1 3.7 4.7 0.00066532
2 12.67 17.37 0.00245826
3 34.48 51.85 0.00733801
4 89.14 140.99 0.01995329
5 188.11 329.1 0.04657516
6 300.13 629.23 0.08905039
7 344.96 974.19 0.13787009
8 290.97 1265.16 0.17904895
9 192.92 1458.08 0.20635154
10 110.04 1568.12 0.22192473
11 57.39 1625.51 0.23004672
12 27.38 1652.89 0.23392161
13 12.49 1665.38 0.23568923
14 5.52 1670.9 0.23647043
15 2.28 1673.18 0.23679305
16 0.91 1674.09 0.23692184
17 0.48 1674.57 0.23698978
18 0.1 1674.67 0.23700392
19 0.05 1674.72 0.237011
20 0 1674.72 0.237011
