0 1 1 0.000142
1 4.64 5.64 0.00079833
2 14.55 20.19 0.00285741
3 38.22 58.41 0.00826631
4 97.59 156 0.02207757
5 205.53 361.53 0.05116476
6 328.02 689.55 0.09758702
7 366.24 1055.79 0.14941837
8 292.27 1348.06 0.19078123
9 186.38 1534.44 0.21715825
10 100.9 1635.34 0.23143789
11 51.41 1686.75 0.23871358
12 25.38 1712.13 0.24230544
13 12.97 1725.1 0.24414092
14 5.88 1730.98 0.24497315
15 2.93 1733.91 0.24538778
16 1.28 1735.19 0.24556898
17 0.31 1735.5 0.24561283
18 0.23 1735.73 0.24564538
19 0.11 1735.84 0.24566094
20 0 1735.84 0.24566094
