0 1 1 0.000142
1 4.57 5.57 0.00078842
2 14.1 19.67 0.00278375
3 41.25 60.92 0.00862157000000001
4 108.43 169.35 0.02396689
5 226.72 396.07 0.05605293
6 346.48 742.55 0.10508773
7 367.29 1109.84 0.15706767
8 280.55 1390.39 0.19677187
9 176.88 1567.27 0.22180444
10 95.65 1662.92 0.23534106
11 44.47 1707.39 0.24163461
12 20.5 1727.89 0.24453583
13 9.24 1737.13 0.24584353
14 4.14 1741.27 0.24642942
15 1.81 1743.08 0.24668556
16 0.82 1743.9 0.2468016
17 0.46 1744.36 0.24686673
18 0.07 1744.43 0.24687662
19 0.03 1744.46 0.24688088
20 0.03 1744.49 0.24688512
21 0.02 1744.51 0.24688795
22 0 1744.51 0.24688795
