0 1 1 0.000142
1 2.49 3.49 0.0004941
2 9.21 12.7 0.00179737
3 27.48 40.18 0.00568641
4 72.74 112.92 0.0159808
5 161.76 274.68 0.03887351
6 278.69 553.37 0.07831457
7 336.44 889.81 0.12592842
8 291.8 1181.61 0.16722477
9 191.62 1373.23 0.19434337
10 107.09 1480.32 0.20949908
11 53.1 1533.42 0.21701394
12 25.01 1558.43 0.22055336
13 11.13 1569.56 0.22212853
14 4.91 1574.47 0.22282344
15 1.7 1576.17 0.22306404
16 0.78 1576.95 0.22317442
17 0.29 1577.24 0.22321546
18 0.12 1577.36 0.22323243
19 0.04 1577.4 0.22323808
20 0 1577.4 0.22323808
21 0.01 1577.41 0.2232395
