0 1 1 0.000142
1 2.06 3.06 0.0004332
2 8.22 11.28 0.00159643
3 23.34 34.62 0.00489959
4 63.92 98.54 0.01394569
5 143.85 242.39 0.03430376
6 243.23 485.62 0.06872636
7 300.82 786.44 0.1112993
8 269.15 1055.59 0.1493901
9 189.23 1244.82 0.17617046
10 112.26 1357.08 0.19205776
11 59.06 1416.14 0.20041614
12 29.43 1445.57 0.20458115
13 14.08 1459.65 0.20657381
14 6.42 1466.07 0.20748239
15 2.64 1468.71 0.20785601
16 1.12 1469.83 0.20801448
17 0.46 1470.29 0.20807956
18 0.15 1470.44 0.2081008
19 0.08 1470.52 0.20811212
20 0.03 1470.55 0.20811637
21 0 1470.55 0.20811637
