0 1 1 0.000142
1 2.42 3.42 0.00048422
2 6.75 10.17 0.00143936
3 20.21 30.38 0.00429952
4 53.69 84.07 0.01189787
5 126.99 211.06 0.02986979
6 230.51 441.57 0.06249228
7 312.51 754.08 0.10671955
8 304.86 1058.94 0.14986416
9 225.94 1284.88 0.18183982
10 136.64 1421.52 0.20117746
11 72.22 1493.74 0.21139828
12 34.63 1528.37 0.21629918
13 15.33 1543.7 0.21846876
14 6.65 1550.35 0.21940986
15 3.16 1553.51 0.21985711
16 1.85 1555.36 0.2201189
17 0.69 1556.05 0.22021656
18 0.24 1556.29 0.22025054
19 0.08 1556.37 0.22026186
20 0 1556.37 0.22026186
21 0.01 1556.38 0.22026328
22 0.01 1556.39 0.22026469
