0 1 1 0.000142
1 3.55 4.55 0.00064406
2 10.53 15.08 0.00213418
3 29 44.08 0.00623833
4 73.96 118.04 0.01670539
5 160.37 278.41 0.0394014
6 271.29 549.7 0.07779514
7 332.9 882.6 0.12490804
8 301.3 1183.9 0.16754887
9 213.28 1397.18 0.19773287
10 132.76 1529.94 0.21652143
11 75.32 1605.26 0.22718085
12 37.99 1643.25 0.23255734
13 18.58 1661.83 0.23518685
14 8.55 1670.38 0.23639684
15 3.66 1674.04 0.23691478
16 1.75 1675.79 0.23716248
17 0.74 1676.53 0.23726721
18 0.28 1676.81 0.23730684
19 0.14 1676.95 0.23732665
20 0.04 1676.99 0.23733231
21 0.02 1677.01 0.23733514
22 0.01 1677.02 0.23733655
23 0 1677.02 0.23733655
