0 1 1 0.000142
1 7.6 8.6 0.00121711
2 21.06 29.66 0.00419753
3 58.32 87.98 0.01245117
4 142.32 230.3 0.03259268
5 283.57 513.87 0.07272429
6 385.56 899.43 0.12728984
7 361.36 1260.79 0.17843054
8 249.72 1510.51 0.21377154
9 136.77 1647.28 0.23312768
10 67.87 1715.15 0.24273277
11 31.63 1746.78 0.24720921
12 14.12 1760.9 0.24920748
13 6.32 1767.22 0.25010182
14 2.49 1769.71 0.2504543
15 1.21 1770.92 0.25062554
16 0.49 1771.41 0.25069487
17 0.23 1771.64 0.2507274
18 0.17 1771.81 0.25075147
19 0.09 1771.9 0.2507642
20 0.02 1771.92 0.25076703
21 0 1771.92 0.25076703
