0 1 1 0.000142
1 4.24 5.24 0.00074169
2 12.06 17.3 0.00244832
3 35.03 52.33 0.00740594
4 90.22 142.55 0.02017407
5 199.07 341.62 0.04834702
6 325.37 666.99 0.09439435
7 367.97 1034.96 0.14647053
8 292.94 1327.9 0.1879281
9 184.49 1512.39 0.21403766
10 96.16 1608.55 0.22764651
11 47.34 1655.89 0.2343462
12 24.7 1680.59 0.23784177
13 11.69 1692.28 0.23949623
14 5.92 1698.2 0.24033395
15 2.99 1701.19 0.24075713
16 1.2 1702.39 0.24092695
17 0.58 1702.97 0.24100906
18 0.22 1703.19 0.24104019
19 0.09 1703.28 0.24105293
20 0.05 1703.33 0.24106
21 0.01 1703.34 0.24106142
22 0.02 1703.36 0.24106425
23 0 1703.36 0.24106425
