0 1 1 0.000142
1 2.31 3.31 0.00046862
2 8.55 11.86 0.00167855
3 23.59 35.45 0.00501702
4 64.3 99.75 0.01411692
5 138.71 238.46 0.0337476
6 239.33 477.79 0.06761825
7 300.07 777.86 0.11008492
8 271.71 1049.57 0.14853809
9 191.65 1241.22 0.17566096
10 112.37 1353.59 0.19156385
11 59.86 1413.45 0.20003549
12 33 1446.45 0.20470568
13 19.98 1466.43 0.20753331
14 10.9 1477.33 0.20907592
15 5.73 1483.06 0.20988684
16 2.23 1485.29 0.21020246
17 1.12 1486.41 0.21036094
18 0.57 1486.98 0.21044165
19 0.26 1487.24 0.21047843
20 0.12 1487.36 0.21049541
21 0.03 1487.39 0.21049966
22 0.02 1487.41 0.21050249
