0 1 1 0.000142
1 5.46 6.46 0.00091436
2 16.06 22.52 0.00318713
3 46.88 69.4 0.00982168
4 118.96 188.36 0.02665722
5 248.91 437.27 0.06188364
6 365.16 802.43 0.11356217
7 372.1 1174.53 0.16622274
8 274.57 1449.1 0.20508068
9 161.36 1610.46 0.22791681
10 83.38 1693.84 0.23971695
11 40.5 1734.34 0.24544862
12 18.44 1752.78 0.24805829
13 7.51 1760.29 0.24912107
14 3.24 1763.53 0.24957964
15 1.51 1765.04 0.24979333
16 0.64 1765.68 0.2498839
17 0.21 1765.89 0.24991363
18 0.09 1765.98 0.24992636
19 0.05 1766.03 0.24993343
20 0.02 1766.05 0.24993626
21 0 1766.05 0.24993626
