0 1 1 0.000142
1 4.84 5.84 0.00082662
2 14.96 20.8 0.00294372
3 43.22 64.02 0.00906032
4 111.96 175.98 0.02490523
5 228.59 404.57 0.05725591
6 350.58 755.15 0.10687095
7 363.01 1118.16 0.15824513
8 282.63 1400.79 0.1982437
9 174.55 1575.34 0.22294655
10 94.38 1669.72 0.23630341
11 48.54 1718.26 0.24317298
12 25.02 1743.28 0.24671383
13 13.37 1756.65 0.24860596
14 6.65 1763.3 0.24954712
15 3.14 1766.44 0.24999149
16 1.23 1767.67 0.25016558
17 0.5 1768.17 0.25023634
18 0.21 1768.38 0.25026604
19 0.04 1768.42 0.2502717
20 0.02 1768.44 0.25027453
21 0 1768.44 0.25027453
