0 1 1 0.000142
1 3.17 4.17 0.00059033
2 12.45 16.62 0.00235213
3 34.93 51.55 0.00729558
4 91.4 142.95 0.0202307
5 197.88 340.83 0.04823518
6 309.41 650.24 0.0920238
7 346.13 996.37 0.14100898
8 282.95 1279.32 0.18105296
9 179.04 1458.36 0.2063912
10 96.38 1554.74 0.22003111
11 47.66 1602.4 0.22677614
12 23.27 1625.67 0.23006938
13 13.41 1639.08 0.23196719
14 7.84 1646.92 0.2330767
15 4.35 1651.27 0.23369229
16 2.5 1653.77 0.23404617
17 1.05 1654.82 0.23419475
18 0.36 1655.18 0.23424571
19 0.18 1655.36 0.23427118
20 0.11 1655.47 0.23428674
21 0.06 1655.53 0.23429523
22 0 1655.53 0.23429523
