0 1 1 0.000142
1 2.67 3.67 0.00051952
2 8.73 12.4 0.00175493
3 23.73 36.13 0.00511323
4 61.45 97.58 0.01380977
5 139.32 236.9 0.03352674
6 242.47 479.37 0.06784181
7 311.51 790.88 0.11192755
8 290.91 1081.79 0.15309793
9 214.32 1296.11 0.18342914
10 136.62 1432.73 0.20276395
11 79.87 1512.6 0.2140674
12 41.99 1554.59 0.22000997
13 21.15 1575.74 0.2230031
14 9.57 1585.31 0.22435752
15 4.45 1589.76 0.22498729
16 1.9 1591.66 0.22525614
17 0.68 1592.34 0.22535235
18 0.32 1592.66 0.22539764
19 0.14 1592.8 0.22541746
20 0.05 1592.85 0.22542454
21 0.01 1592.86 0.22542596
22 0 1592.86 0.22542596
