0 1 1 0.000142
1 2.35 3.35 0.00047427
2 8.71 12.06 0.00170686
3 25.16 37.22 0.00526755
4 66.19 103.41 0.01463494
5 149.27 252.68 0.03576003
6 250.76 503.44 0.07124826
7 308.6 812.04 0.11492222
8 281.39 1093.43 0.15474531
9 203.84 1297.27 0.18359331
10 124.37 1421.64 0.20119448
11 68.71 1490.35 0.21091854
12 34.43 1524.78 0.2157912
13 16.17 1540.95 0.21807957
14 7.99 1548.94 0.21921033
15 2.85 1551.79 0.21961368
16 1.43 1553.22 0.21981606
17 0.63 1553.85 0.21990522
18 0.21 1554.06 0.21993494
19 0.09 1554.15 0.21994766
20 0.03 1554.18 0.21995191
21 0 1554.18 0.21995191
