0 1 1 0.000142
1 2.09 3.09 0.0004375
2 7.87 10.96 0.00155116
3 22.28 33.24 0.00470428
4 59.99 93.23 0.01319423
5 136.5 229.73 0.03251209
6 235.81 465.54 0.06588462
7 299.1 764.64 0.10821408
8 269.51 1034.15 0.14635585
9 185.44 1219.59 0.17259987
10 106.74 1326.33 0.18770597
11 54.22 1380.55 0.19537936
12 24.9 1405.45 0.19890325
13 10.78 1416.23 0.20042885
14 4.74 1420.97 0.20109968
15 1.94 1422.91 0.20137423
16 1 1423.91 0.20151574
17 0.35 1424.26 0.2015653
18 0.1 1424.36 0.20157944
19 0.07 1424.43 0.20158935
20 0.01 1424.44 0.20159077
21 0.01 1424.45 0.20159219
