0 1 1 0.000142
1 2.22 3.22 0.0004559
2 7.37 10.59 0.00149882
3 19.94 30.53 0.00432072
4 52.12 82.65 0.01169688
5 117.02 199.67 0.0282579
6 207.34 407.01 0.0576012
7 273.49 680.5 0.0963063
8 273.65 954.15 0.13503398
9 214.79 1168.94 0.16543168
10 137.92 1306.86 0.18495052
11 74.66 1381.52 0.19551658
12 36.17 1417.69 0.20063553
13 17.82 1435.51 0.20315738
14 7.83 1443.34 0.20426552
15 3.36 1446.7 0.20474105
16 1.44 1448.14 0.20494486
17 0.74 1448.88 0.20504951
18 0.23 1449.11 0.20508208
19 0.11 1449.22 0.20509766
20 0.09 1449.31 0.20511039
21 0.02 1449.33 0.20511322
