0 1 1 0.000142
1 1.57 2.57 0.00036395
2 6.22 8.79 0.00124415
3 17.56 26.35 0.00372922
4 45.69 72.04 0.01019543
5 107.54 179.58 0.02541475
6 193.81 373.39 0.05284323
7 254.38 627.77 0.0888438
8 248.55 876.32 0.12401931
9 190.64 1066.96 0.15099929
10 126 1192.96 0.16883114
11 71.98 1264.94 0.17901785
12 41.31 1306.25 0.1848642
13 24.41 1330.66 0.18831879
14 12.67 1343.33 0.19011189
15 6.07 1349.4 0.19097088
16 2.65 1352.05 0.19134595
17 1.22 1353.27 0.19151863
18 0.62 1353.89 0.19160636
19 0.26 1354.15 0.19164316
20 0.08 1354.23 0.19165447
21 0.02 1354.25 0.1916573
22 0 1354.25 0.1916573
