0 1 1 0.000142
1 2.24 3.24 0.00045871
2 8.03 11.27 0.00159504
3 22.47 33.74 0.00477505
4 59.92 93.66 0.01325504
5 139.11 232.77 0.03294233
6 255.79 488.56 0.06914245
7 341.06 829.62 0.11741018
8 320.23 1149.85 0.16273
9 226.58 1376.43 0.19479623
10 128.5 1504.93 0.21298195
11 63.44 1568.37 0.22196015
12 28.87 1597.24 0.22604593
13 13.24 1610.48 0.22791963
14 5.91 1616.39 0.22875605
15 2.49 1618.88 0.22910843
16 1.14 1620.02 0.22926979
17 0.46 1620.48 0.22933486
18 0.24 1620.72 0.22936884
19 0.08 1620.8 0.22938017
20 0.04 1620.84 0.22938583
21 0.01 1620.85 0.22938725
22 0 1620.85 0.22938725
23 0.01 1620.86 0.22938866
24 0.01 1620.87 0.22939008
25 0.01 1620.88 0.22939149
