0 1 1 0.000142
1 3.97 4.97 0.00070356
2 10.62 15.59 0.00220636
3 28.71 44.3 0.00626949
4 70.65 114.95 0.01626806
5 154.87 269.82 0.03818571
6 270.75 540.57 0.07650298
7 345.27 885.84 0.12536657
8 323.63 1209.47 0.17116755
9 238.03 1447.5 0.20485421
10 146.94 1594.44 0.22564957
11 79.02 1673.46 0.23683273
12 37.32 1710.78 0.24211432
13 17.33 1728.11 0.24456696
14 7.52 1735.63 0.24563124
15 3.18 1738.81 0.24608131
16 1.48 1740.29 0.24629076
17 0.64 1740.93 0.24638132
18 0.3 1741.23 0.24642379
19 0.16 1741.39 0.24644643
20 0.11 1741.5 0.24646199
21 0.07 1741.57 0.2464719
22 0.04 1741.61 0.24647756
23 0 1741.61 0.24647756
24 0.01 1741.62 0.24647897
25 0.02 1741.64 0.24648181
