0 1 1 0.000142
1 3.91 4.91 0.00069501
2 10.4 15.31 0.00216675
3 27.43 42.74 0.00604866
4 76.67 119.41 0.0168992
5 168.51 287.92 0.04074722
6 290.12 578.04 0.0818059
7 354.64 932.68 0.13199554
8 311.95 1244.63 0.17614349
9 212.45 1457.08 0.20621008
10 116.03 1573.11 0.22263089
11 55.12 1628.23 0.23043167
12 26.34 1654.57 0.23415937
13 11.85 1666.42 0.23583642
14 4.7 1671.12 0.23650153
15 2.12 1673.24 0.23680158
16 0.84 1674.08 0.23692046
17 0.37 1674.45 0.23697285
18 0.14 1674.59 0.23699264
19 0.02 1674.61 0.23699547
20 0.02 1674.63 0.23699831
21 0 1674.63 0.23699831
