0 1 1 0.000142
1 3.59 4.59 0.0006497
2 9.17 13.76 0.00194742
3 25.89 39.65 0.00561141
4 64.23 103.88 0.0147014
5 147.94 251.82 0.03563828
6 258.81 510.63 0.07226579
7 326.17 836.8 0.11842625
8 309.97 1146.77 0.16229415
9 231.9 1378.67 0.19511325
10 144.36 1523.03 0.21554343
11 81.31 1604.34 0.22705072
12 41.98 1646.32 0.23299178
13 22.26 1668.58 0.23614205
14 11.68 1680.26 0.23779508
15 6.01 1686.27 0.23864562
16 3.35 1689.62 0.23911972
17 1.24 1690.86 0.23929523
18 0.57 1691.43 0.23937591
19 0.34 1691.77 0.23942403
20 0.16 1691.93 0.23944666
21 0.07 1692 0.23945658
22 0.03 1692.03 0.23946083
23 0.01 1692.04 0.23946224
24 0 1692.04 0.23946224
