0 1 1 0.000142
1 4.49 5.49 0.00077704
2 13.77 19.26 0.00272574
3 41.79 61.05 0.00863996
4 103.28 164.33 0.02325648
5 217.26 381.59 0.05400377
6 336.66 718.25 0.10164876
7 363.82 1082.07 0.15313762
8 282.07 1364.14 0.19305693
9 171.62 1535.76 0.21734508
10 93.51 1629.27 0.23057882
11 45.02 1674.29 0.23695021
12 21.12 1695.41 0.23993916
13 9.28 1704.69 0.24125246
14 4.03 1708.72 0.24182285
15 1.75 1710.47 0.24207047
16 0.8 1711.27 0.2421837
17 0.35 1711.62 0.24223321
18 0.2 1711.82 0.24226151
19 0.11 1711.93 0.24227708
20 0.05 1711.98 0.24228417
21 0.03 1712.01 0.24228841
22 0 1712.01 0.24228841
