0 1 1 0.000142
1 1.98 2.98 0.0004219
2 6.25 9.23 0.00130632
3 16.65 25.88 0.00366266
4 45.64 71.52 0.01012174
5 106.04 177.56 0.02512884
6 197.84 375.4 0.05312772
7 267.27 642.67 0.09095247
8 270.08 912.75 0.12917505
9 211.49 1124.24 0.15910563
10 138.41 1262.65 0.17869381
11 77.03 1339.68 0.18959528
12 39.37 1379.05 0.19516704
13 18.96 1398.01 0.19785027
14 8.25 1406.26 0.19901784
15 3.42 1409.68 0.19950188
16 1.51 1411.19 0.19971558
17 0.59 1411.78 0.19979909
18 0.23 1412.01 0.19983163
19 0.12 1412.13 0.19984861
20 0.07 1412.2 0.19985851
21 0.02 1412.22 0.19986134
22 0 1412.22 0.19986134
