0 1 1 0.000142
1 4.31 5.31 0.00075164
2 15.99 21.3 0.00301444
3 42.17 63.47 0.00898245
4 107.47 170.94 0.02419196
5 219.97 390.91 0.0553227
6 335.55 726.46 0.10281065
7 353.56 1080.02 0.15284747
8 273.48 1353.5 0.19155111
9 173.42 1526.92 0.21609395
10 97.03 1623.95 0.22982594
11 50.13 1674.08 0.23692048
12 26.58 1700.66 0.24068211
13 15.6 1716.26 0.24288995
14 8.69 1724.95 0.24411978
15 5.17 1730.12 0.24485144
16 2.51 1732.63 0.24520667
17 1.2 1733.83 0.24537647
18 0.46 1734.29 0.24544155
19 0.14 1734.43 0.24546138
20 0.07 1734.5 0.24547128
21 0.03 1734.53 0.24547553
22 0.01 1734.54 0.24547694
23 0 1734.54 0.24547694
