0 1 1 0.000142
1 2.34 3.34 0.00047288
2 6.69 10.03 0.00141953
3 18.73 28.76 0.00407026
4 49.12 77.88 0.01102182
5 117.38 195.26 0.02763377
6 220.92 416.18 0.05889898
7 298.37 714.55 0.10112519
8 291.02 1005.57 0.14231109
9 219.41 1224.98 0.17336262
10 140.9 1365.88 0.19330317
11 76.92 1442.8 0.20418911
12 40.64 1483.44 0.20994063
13 20.85 1504.29 0.21289131
14 9.69 1513.98 0.21426267
15 4.84 1518.82 0.21494761
16 1.92 1520.74 0.21521935
17 0.86 1521.6 0.21534106
18 0.41 1522.01 0.2153991
19 0.15 1522.16 0.21542033
20 0.06 1522.22 0.21542882
21 0.01 1522.23 0.21543024
22 0.02 1522.25 0.21543307
23 0 1522.25 0.21543307
