0 1 1 0.000142
1 5.96 6.96 0.00098507
2 16.5 23.46 0.00332015
3 48.47 71.93 0.01017972
4 121.65 193.58 0.02739599
5 250.05 443.63 0.06278376
6 372.22 815.85 0.11546137
7 376.3 1192.15 0.16871639
8 277.53 1469.68 0.20799319
9 162.77 1632.45 0.23102887
10 83 1715.45 0.24277527
11 38.87 1754.32 0.24827626
12 19.04 1773.36 0.25097084
13 8.3 1781.66 0.2521455
14 3.55 1785.21 0.2526479
15 1.56 1786.77 0.25286865
16 0.84 1787.61 0.25298755
17 0.39 1788 0.25304275
18 0.15 1788.15 0.25306397
19 0.05 1788.2 0.25307105
20 0.05 1788.25 0.25307812
21 0 1788.25 0.25307812
