0 1 1 0.000142
1 4.28 5.28 0.00074735
2 13.88 19.16 0.0027116
3 37.73 56.89 0.00805123
4 98.76 155.65 0.02202801
5 206.24 361.89 0.05121568
6 318.38 680.27 0.09627371
7 351.88 1032.15 0.1460727
8 289.26 1321.41 0.18700961
9 193.37 1514.78 0.21437582
10 109 1623.78 0.22980188
11 56.52 1680.3 0.2378007
12 26.08 1706.38 0.24149168
13 12.22 1718.6 0.24322106
14 5.47 1724.07 0.24399523
15 2.17 1726.24 0.24430233
16 1.08 1727.32 0.24445516
17 0.31 1727.63 0.24449903
18 0.11 1727.74 0.24451462
19 0.05 1727.79 0.24452169
20 0.03 1727.82 0.24452593
21 0 1727.82 0.24452593
