0 1 1 0.000142
1 2.13 3.13 0.00044313
2 7.42 10.55 0.00149314
3 22.81 33.36 0.00472127
4 57.98 91.34 0.01292674
5 135.16 226.5 0.032055
6 239.92 466.42 0.06600915
7 311.11 777.53 0.11003826
8 281.93 1059.46 0.14993782
9 194.34 1253.8 0.17744136
10 109.3 1363.1 0.19290979
11 56.81 1419.91 0.20094965
12 25.59 1445.5 0.20457122
13 11.37 1456.87 0.20618038
14 5.45 1462.32 0.20695167
15 2.42 1464.74 0.20729414
16 1.11 1465.85 0.20745127
17 0.51 1466.36 0.20752342
18 0.22 1466.58 0.20755455
19 0.04 1466.62 0.20756022
20 0.02 1466.64 0.20756305
21 0.01 1466.65 0.20756446
22 0 1466.65 0.20756446
