0 1 1 0.000142
1 3.06 4.06 0.00057473
2 10.81 14.87 0.00210449
3 29.03 43.9 0.00621291
4 77.11 121.01 0.01712568
5 164.87 285.88 0.04045859
6 279.85 565.73 0.08006368
7 329.58 895.31 0.12670675
8 284.05 1179.36 0.16690636
9 192.35 1371.71 0.19412822
10 112.04 1483.75 0.20998449
11 63.72 1547.47 0.21900232
12 35.78 1583.25 0.22406593
13 21.1 1604.35 0.22705213
14 10.56 1614.91 0.22854659
15 5.22 1620.13 0.2292853
16 2.2 1622.33 0.22959668
17 0.84 1623.17 0.22971554
18 0.39 1623.56 0.22977074
19 0.23 1623.79 0.22980329
20 0.12 1623.91 0.22982027
21 0.05 1623.96 0.22982734
22 0.04 1624 0.22983301
23 0.03 1624.03 0.22983725
