0 1 1 0.000142
1 4.17 5.17 0.00073182
2 13.38 18.55 0.00262528
3 38.25 56.8 0.00803849
4 97.66 154.46 0.02185959
5 211.07 365.53 0.05173084
6 335.96 701.49 0.09927679
7 368.97 1070.46 0.15149454
8 291.16 1361.62 0.19270023
9 172.1 1533.72 0.21705634
10 87.39 1621.11 0.22942399
11 40.56 1661.67 0.23516419
12 18.18 1679.85 0.23773705
13 7.95 1687.8 0.23886217
14 3.35 1691.15 0.23933619
15 1.56 1692.71 0.239557
16 0.84 1693.55 0.23967587
17 0.34 1693.89 0.23972399
18 0.13 1694.02 0.23974239
19 0.03 1694.05 0.23974664
20 0.04 1694.09 0.23975229
21 0 1694.09 0.23975229
