0 1 1 0.000142
1 2.72 3.72 0.00052659
2 8.58 12.3 0.0017408
3 25.41 37.71 0.00533683
4 67.53 105.24 0.0148939
5 151.96 257.2 0.03639968
6 261.56 518.76 0.07341638
7 324.6 843.36 0.11935467
8 289.16 1132.52 0.16027739
9 198.85 1331.37 0.18841926
10 115.72 1447.09 0.20479626
11 62.29 1509.38 0.21361168
12 30.82 1540.2 0.2179734
13 15.01 1555.21 0.22009767
14 6.57 1561.78 0.22102741
15 2.81 1564.59 0.22142514
16 1.21 1565.8 0.22159636
17 0.61 1566.41 0.22168268
18 0.29 1566.7 0.22172371
19 0.25 1566.95 0.22175912
20 0.09 1567.04 0.22177186
21 0.06 1567.1 0.22178036
22 0.02 1567.12 0.22178319
23 0.02 1567.14 0.22178602
24 0.01 1567.15 0.22178743
25 0 1567.15 0.22178743
