0 1 1 0.000142
1 4.59 5.59 0.00079125
2 14.94 20.53 0.00290549
3 44.45 64.98 0.00919622
4 113.7 178.68 0.02528727
5 234.08 412.76 0.05841488
6 349.52 762.28 0.10788005
7 366.04 1128.32 0.15968301
8 282.82 1411.14 0.19970846
9 178.03 1589.17 0.2249038
10 95.67 1684.84 0.23844323
11 49.28 1734.12 0.2454175
12 23.39 1757.51 0.24872773
13 10.29 1767.8 0.25018396
14 4.77 1772.57 0.25085906
15 2.22 1774.79 0.25117327
16 0.74 1775.53 0.25127798
17 0.37 1775.9 0.25133035
18 0.26 1776.16 0.25136716
19 0.12 1776.28 0.25138415
20 0.05 1776.33 0.25139121
21 0.02 1776.35 0.25139405
22 0.01 1776.36 0.25139546
23 0 1776.36 0.25139546
