0 1 1 0.000142
1 2.04 3.04 0.00043044
2 6.83 9.87 0.00139692
3 19.34 29.21 0.00413394
4 52.66 81.87 0.01158649
5 126.87 208.74 0.02954147
6 225.31 434.05 0.06142804
7 292.81 726.86 0.10286737
8 270.58 997.44 0.14116054
9 193.22 1190.66 0.16850558
10 122.02 1312.68 0.18577419
11 67.92 1380.6 0.19538644
12 33.98 1414.58 0.20019538
13 16.17 1430.75 0.20248375
14 7.55 1438.3 0.20355227
15 3.95 1442.25 0.2041113
16 1.82 1444.07 0.20436889
17 0.66 1444.73 0.2044623
18 0.27 1445 0.20450051
19 0.11 1445.11 0.20451606
20 0.05 1445.16 0.20452314
21 0.03 1445.19 0.20452739
22 0.01 1445.2 0.2045288
23 0.01 1445.21 0.20453022
24 0 1445.21 0.20453022
