0 1 1 0.000142
1 2.5 3.5 0.00049549
2 7.34 10.84 0.00153414
3 23.17 34.01 0.00481326
4 59.59 93.6 0.01324659
5 137.31 230.91 0.03267909
6 249.95 480.86 0.0680527
7 326.03 806.89 0.11419337
8 300.23 1107.12 0.15668276
9 211.12 1318.24 0.18656107
10 122.87 1441.11 0.20394991
11 64.57 1505.68 0.21308811
12 33.13 1538.81 0.21777669
13 16.8 1555.61 0.22015431
14 9.4 1565.01 0.22148456
15 7.7 1572.71 0.22257433
16 5.66 1578.37 0.22337534
17 3.03 1581.4 0.22380415
18 1.57 1582.97 0.22402634
19 0.65 1583.62 0.22411833
20 0.31 1583.93 0.2241622
21 0.05 1583.98 0.22416928
22 0.03 1584.01 0.22417352
23 0 1584.01 0.22417352
