0 1 1 0.000142
1 5.99 6.99 0.00098934
2 14.36 21.35 0.00302148
3 41.39 62.74 0.00887912
4 103.02 165.76 0.0234588
5 219.68 385.44 0.05454858
6 347.61 733.05 0.10374329
7 382.83 1115.88 0.15792248
8 294.09 1409.97 0.1995429
9 179.05 1589.02 0.2248825
10 95 1684.02 0.23832717
11 46.54 1730.56 0.24491365
12 21.87 1752.43 0.24800881
13 9.5 1761.93 0.24935324
14 4.25 1766.18 0.24995473
15 1.88 1768.06 0.25022077
16 0.87 1768.93 0.25034393
17 0.33 1769.26 0.25039062
18 0.06 1769.32 0.2503991
19 0.05 1769.37 0.25040619
20 0.03 1769.4 0.25041044
21 0.01 1769.41 0.25041185
