0 1 1 0.000142
1 5.11 6.11 0.00086476
2 15.02 21.13 0.00299042
3 44.44 65.57 0.00927962
4 110.24 175.81 0.02488117
5 229.23 405.04 0.05732244
6 345.14 750.18 0.10616751
7 370.38 1120.56 0.15858481
8 292.92 1413.48 0.20003956
9 187.59 1601.07 0.22658796
10 101.19 1702.26 0.24090859
11 49.75 1752.01 0.24794937
12 21.18 1773.19 0.25094675
13 9.65 1782.84 0.25231247
14 4.16 1787 0.25290124
15 1.82 1788.82 0.25315877
16 0.94 1789.76 0.25329179
17 0.46 1790.22 0.2533569
18 0.12 1790.34 0.25337388
19 0.05 1790.39 0.25338095
20 0.01 1790.4 0.25338237
21 0.01 1790.41 0.25338378
22 0.02 1790.43 0.25338661
23 0.01 1790.44 0.25338803
24 0.01 1790.45 0.25338945
25 0 1790.45 0.25338945
