0 1 1 0.000142
1 1.68 2.68 0.00037945
2 7.03 9.71 0.00137424
3 18.8 28.51 0.00403491
4 51.98 80.49 0.01139123
5 113.88 194.37 0.02750783
6 201.62 395.99 0.05604164
7 263.97 659.96 0.09339941
8 259.92 919.88 0.13018401
9 201.23 1121.11 0.15866263
10 128.14 1249.25 0.17679737
11 72.05 1321.3 0.18699411
12 37.36 1358.66 0.19228145
13 17.37 1376.03 0.19473963
14 9.28 1385.31 0.19605298
15 6.9 1392.21 0.19702947
16 5.78 1397.99 0.19784749
17 3.61 1401.6 0.19835841
18 2.2 1403.8 0.19866975
19 0.93 1404.73 0.19880138
20 0.5 1405.23 0.19887213
21 0.16 1405.39 0.19889477
22 0.15 1405.54 0.198916
23 0.07 1405.61 0.1989259
24 0.03 1405.64 0.19893015
25 0.02 1405.66 0.19893298
26 0 1405.66 0.19893298
