0 1 1 0.000142
1 2.26 3.26 0.00046156
2 7.98 11.24 0.00159079
3 23.05 34.29 0.00485287
4 61.51 95.8 0.01355791
5 140.13 235.93 0.0333895
6 245 480.93 0.06806262
7 303.26 784.19 0.11098079
8 270.38 1054.57 0.14924575
9 190.07 1244.64 0.17614497
10 114.11 1358.75 0.19229412
11 64.03 1422.78 0.20135585
12 33.45 1456.23 0.20608978
13 15.68 1471.91 0.20830886
14 6.51 1478.42 0.20923022
15 2.9 1481.32 0.20964059
16 1.37 1482.69 0.2098345
17 0.67 1483.36 0.20992931
18 0.32 1483.68 0.20997459
19 0.08 1483.76 0.2099859
20 0.05 1483.81 0.20999298
21 0.02 1483.83 0.20999582
22 0.02 1483.85 0.20999865
23 0.01 1483.86 0.21000006
