0 1 1 0.000142
1 8.62 9.62 0.00136149
2 18.57 28.19 0.00398957
3 57.14 85.33 0.01207614
4 134.87 220.2 0.03116335
5 266.17 486.37 0.06883239
6 381.56 867.93 0.1228319
7 371.26 1239.19 0.17537361
8 259.51 1498.7 0.21210021
9 146.8 1645.5 0.23287576
10 76.38 1721.88 0.24368526
11 38.15 1760.03 0.24908435
12 17.46 1777.49 0.25155538
13 7.98 1785.47 0.25268473
14 3.27 1788.74 0.25314744
15 1.48 1790.22 0.2533569
16 0.76 1790.98 0.2534644
17 0.35 1791.33 0.25351396
18 0.13 1791.46 0.25353234
19 0.07 1791.53 0.25354225
20 0.04 1791.57 0.25354792
21 0.01 1791.58 0.25354933
