0 1 1 0.000142
1 4.64 5.64 0.00079833
2 13.84 19.48 0.00275689
3 39 58.48 0.00827629
4 101.29 159.77 0.02261108
5 216.92 376.69 0.05331021
6 340.82 717.51 0.10154408
7 371.13 1088.64 0.15406739
8 290.11 1378.75 0.1951245
9 179.75 1558.5 0.22056331
10 97.79 1656.29 0.2344028
11 49.83 1706.12 0.24145485
12 22.8 1728.92 0.24468156
13 10.26 1739.18 0.24613361
14 4.81 1743.99 0.24681435
15 1.95 1745.94 0.24709025
16 0.82 1746.76 0.24720629
17 0.32 1747.08 0.24725157
18 0.16 1747.24 0.24727425
19 0.09 1747.33 0.24728698
20 0.04 1747.37 0.24729265
21 0.02 1747.39 0.24729548
