0 1 1 0.000142
1 5.67 6.67 0.00094404
2 15.58 22.25 0.00314892
3 41.7 63.95 0.00905044
4 104.86 168.81 0.02389046
5 218.99 387.8 0.0548825
6 343.31 731.11 0.1034687
7 374.88 1105.99 0.15652277
8 294.27 1400.26 0.19816865
9 180.36 1580.62 0.22369372
10 94.67 1675.29 0.23709173
11 45.36 1720.65 0.24351119
12 21.75 1742.4 0.24658929
13 9.36 1751.76 0.24791396
14 4.01 1755.77 0.24848153
15 1.65 1757.42 0.24871496
16 0.74 1758.16 0.24881972
17 0.32 1758.48 0.248865
18 0.11 1758.59 0.24888057
19 0.11 1758.7 0.24889612
20 0.07 1758.77 0.24890604
21 0.03 1758.8 0.24891028
22 0.03 1758.83 0.24891452
