0 1 1 0.000142
1 3.4 4.4 0.00062287
2 10.66 15.06 0.00213139
3 29.75 44.81 0.00634164
4 79.17 123.98 0.01754603
5 169.87 293.85 0.04158655
6 281.83 575.68 0.08147188
7 334.49 910.17 0.1288098
8 295.51 1205.68 0.17063117
9 204.24 1409.92 0.19953583
10 120.35 1530.27 0.21656811
11 62.27 1592.54 0.22538074
12 30.46 1623 0.22969151
13 13.53 1636.53 0.23160628
14 5.86 1642.39 0.23243567
15 2.4 1644.79 0.23277533
16 1.16 1645.95 0.23293949
17 0.56 1646.51 0.23301871
18 0.29 1646.8 0.23305976
19 0.04 1646.84 0.23306542
20 0.04 1646.88 0.23307107
21 0.04 1646.92 0.23307674
22 0.01 1646.93 0.23307815
23 0.02 1646.95 0.23308098
24 0 1646.95 0.23308098
