0 1 1 0.000142
1 1.99 2.99 0.00042337
2 8.08 11.07 0.00156676
3 22.25 33.32 0.00471561
4 60.16 93.48 0.0132296
5 133.58 227.06 0.03213429
6 234.06 461.12 0.06525903
7 295.91 757.03 0.10713708
8 274.6 1031.63 0.14599927
9 194.45 1226.08 0.17351832
10 114.83 1340.91 0.18976936
11 58.67 1399.58 0.19807256
12 27.45 1427.03 0.2019573
13 12.62 1439.65 0.2037433
14 5.77 1445.42 0.20455997
15 2.7 1448.12 0.20494204
16 1.13 1449.25 0.20510194
17 0.43 1449.68 0.20516281
18 0.27 1449.95 0.20520101
19 0.32 1450.27 0.20524631
20 0.44 1450.71 0.20530858
21 0.76 1451.47 0.20541614
22 2.13 1453.6 0.20571759
23 3.8 1457.4 0.20625538
24 3.79 1461.19 0.20679175
25 3.23 1464.42 0.20724887
26 1.82 1466.24 0.20750644
27 0.93 1467.17 0.20763805
28 0.49 1467.66 0.2077074
29 0.27 1467.93 0.20774561
30 0.06 1467.99 0.2077541
31 0.01 1468 0.20775552
32 0.01 1468.01 0.20775693
33 0.01 1468.02 0.20775835
34 0 1468.02 0.20775835
