0 1 1 0.000142
1 2.43 3.43 0.00048562
2 8.54 11.97 0.0016941
3 23.68 35.65 0.00504538
4 62.49 98.14 0.01388908
5 147.43 245.57 0.03475379
6 261.48 507.05 0.07175922
7 329.64 836.69 0.11841076
8 297.72 1134.41 0.16054484
9 208.43 1342.84 0.19004251
10 123.03 1465.87 0.20745406
11 63.63 1529.5 0.21645914
12 30.95 1560.45 0.22083926
13 13.92 1574.37 0.22280927
14 6.27 1580.64 0.22369664
15 3.07 1583.71 0.22413108
16 1.1 1584.81 0.22428672
17 0.46 1585.27 0.2243518
18 0.23 1585.5 0.22438439
19 0.04 1585.54 0.22439005
20 0.02 1585.56 0.22439288
21 0 1585.56 0.22439288
