0 1 1 0.000142
1 8.29 9.29 0.00131481
2 20.56 29.85 0.00422447
3 55.06 84.91 0.01201668
4 135.97 220.88 0.03125956
5 273.95 494.83 0.07002973
6 385.33 880.16 0.12456268
7 367.63 1247.79 0.1765907
8 260.3 1508.09 0.21342908
9 147.78 1655.87 0.2343433
10 73.81 1729.68 0.24478905
11 33.52 1763.2 0.24953297
12 14.19 1777.39 0.25154116
13 6.86 1784.25 0.25251201
14 3.1 1787.35 0.25295073
15 1.43 1788.78 0.25315311
16 0.64 1789.42 0.25324369
17 0.24 1789.66 0.25327765
18 0.16 1789.82 0.25330031
19 0.05 1789.87 0.25330737
20 0.05 1789.92 0.25331446
21 0 1789.92 0.25331446
