0 1 1 0.000142
1 4.16 5.16 0.00073041
2 11.36 16.52 0.002338
3 35.14 51.66 0.0073111
4 91.22 142.88 0.02022079
5 195.45 338.33 0.0478814
6 313.76 652.09 0.09228564
7 348.96 1001.05 0.1416714
8 281.23 1282.28 0.18147185
9 171.85 1454.13 0.20579258
10 90.65 1544.78 0.21862161
11 43.4 1588.18 0.22476367
12 20.11 1608.29 0.22760973
13 9.1 1617.39 0.22889758
14 4.41 1621.8 0.2295217
15 1.69 1623.49 0.22976085
16 0.75 1624.24 0.22986702
17 0.33 1624.57 0.22991373
18 0.18 1624.75 0.22993918
19 0.1 1624.85 0.22995334
20 0.02 1624.87 0.22995617
21 0.01 1624.88 0.22995758
