0 1 1 0.000142
1 4.46 5.46 0.00077283
2 13.08 18.54 0.00262382
3 34.53 53.07 0.00751057
4 84.92 137.99 0.01952879
5 183.98 321.97 0.04556612
6 305.5 627.47 0.08880134
7 358.26 985.73 0.13950329
8 295.28 1281.01 0.18129209
9 192.44 1473.45 0.20852673
10 111.42 1584.87 0.22429523
11 59.39 1644.26 0.23270023
12 29 1673.26 0.23680445
13 13.83 1687.09 0.23876168
14 6.19 1693.28 0.23963768
15 2.99 1696.27 0.24006088
16 1.19 1697.46 0.24022929
17 0.61 1698.07 0.24031563
18 0.19 1698.26 0.2403425
19 0.11 1698.37 0.24035807
20 0.05 1698.42 0.24036515
21 0.01 1698.43 0.24036657
22 0.03 1698.46 0.24037082
23 0.01 1698.47 0.24037223
