0 1 1 0.000142
1 14.72 15.72 0.00222464
2 32.74 48.46 0.00685817
3 96.54 145 0.02052082
4 212.19 357.19 0.05055051
5 362.92 720.11 0.10191197
6 407.45 1127.56 0.15957547
7 314.14 1441.7 0.20403342
8 182.38 1624.08 0.22984434
9 88.98 1713.06 0.24243705
10 39.93 1752.99 0.24808801
11 17.82 1770.81 0.25060994
12 7.68 1778.49 0.25169689
13 3.12 1781.61 0.25213845
14 1.51 1783.12 0.2523521
15 0.52 1783.64 0.25242573
16 0.31 1783.95 0.25246962
17 0.09 1784.04 0.25248235
18 0.06 1784.1 0.25249086
19 0.01 1784.11 0.25249228
20 0 1784.11 0.25249228
