0 1 1 0.000142
1 6.31 7.31 0.00103461
2 16.56 23.87 0.00337813
3 46.1 69.97 0.00990236
4 115.08 185.05 0.0261888
5 233.8 418.85 0.05927687
6 345.89 764.74 0.10822814
7 355.96 1120.7 0.15860462
8 273.2 1393.9 0.19726865
9 169.25 1563.15 0.2212213
10 95.69 1658.84 0.23476371
11 47.41 1706.25 0.24147324
12 21.68 1727.93 0.24454147
13 10.32 1738.25 0.24600199
14 4.5 1742.75 0.24663886
15 1.84 1744.59 0.24689921
16 0.64 1745.23 0.24698979
17 0.37 1745.6 0.24704217
18 0.17 1745.77 0.24706624
19 0.05 1745.82 0.24707331
20 0.02 1745.84 0.24707613
21 0.01 1745.85 0.24707755
22 0.01 1745.86 0.24707896
23 0 1745.86 0.24707896
