0 1 1 0.000142
1 5.74 6.74 0.00095393
2 14.62 21.36 0.00302293
3 38.3 59.66 0.00844325
4 92.94 152.6 0.02159638
5 199.4 352 0.04981597
6 323.66 675.66 0.09562127
7 372.2 1047.86 0.14829607
8 297.35 1345.21 0.19037784
9 188.16 1533.37 0.21700677
10 100.86 1634.23 0.23128078
11 50.8 1685.03 0.23847016
12 23.6 1708.63 0.24181004
13 10.07 1718.7 0.2432352
14 4.57 1723.27 0.24388198
15 2.38 1725.65 0.24421879
16 1.14 1726.79 0.24438015
17 0.47 1727.26 0.24444664
18 0.14 1727.4 0.24446645
19 0.04 1727.44 0.24447211
20 0.03 1727.47 0.24447637
21 0.01 1727.48 0.24447778
22 0 1727.48 0.24447778
