0 1 1 0.000142
1 7.87 8.87 0.00125533
2 17.92 26.79 0.0037914
3 53.81 80.6 0.01140673
4 128.21 208.81 0.02955137
5 260.34 469.15 0.06639544
6 380.12 849.27 0.12019103
7 373.07 1222.34 0.172989
8 268.7 1491.04 0.21101614
9 155.37 1646.41 0.23300453
10 76.83 1723.24 0.24387775
11 36.36 1759.6 0.24902349
12 15.86 1775.46 0.25126803
13 6.9 1782.36 0.25224452
14 3.29 1785.65 0.25271019
15 1.4 1787.05 0.25290834
16 0.63 1787.68 0.25299747
17 0.21 1787.89 0.25302721
18 0.11 1788 0.25304277
19 0.03 1788.03 0.253047
20 0 1788.03 0.253047
