0 1 1 0.000142
1 2.88 3.88 0.00054929
2 11.59 15.47 0.00218937
3 31.17 46.64 0.00660065
4 82.7 129.34 0.01830458
5 173.63 302.97 0.04287722
6 281.89 584.86 0.08277101
7 328.13 912.99 0.1292089
8 282.63 1195.62 0.16920749
9 197.87 1393.49 0.19721057
10 119.26 1512.75 0.2140886
11 66.61 1579.36 0.22351547
12 34.51 1613.87 0.22839941
13 16.09 1629.96 0.23067645
14 7.12 1637.08 0.23168415
15 3.32 1640.4 0.23215401
16 1.39 1641.79 0.23235075
17 0.69 1642.48 0.2324484
18 0.4 1642.88 0.23250502
19 0.1 1642.98 0.23251916
20 0.06 1643.04 0.23252765
21 0.02 1643.06 0.23253048
22 0 1643.06 0.23253048
