0 1 1 0.000142
1 2.25 3.25 0.00046013
2 8.73 11.98 0.00169549
3 23.34 35.32 0.00499866
4 64.16 99.48 0.01407873
5 144.81 244.29 0.03457261
6 252.3 496.59 0.07027885
7 309.54 806.13 0.11408582
8 281.39 1087.52 0.1539089
9 198.3 1285.82 0.18197289
10 117.55 1403.37 0.19860887
11 65.07 1468.44 0.20781778
12 33.84 1502.28 0.21260691
13 16.15 1518.43 0.2148925
14 7.16 1525.59 0.21590578
15 3.27 1528.86 0.21636854
16 1.42 1530.28 0.21656955
17 0.68 1530.96 0.21666575
18 0.2 1531.16 0.21669408
19 0.1 1531.26 0.21670823
20 0.07 1531.33 0.21671815
21 0.04 1531.37 0.21672381
22 0.02 1531.39 0.21672664
