0 1 1 0.000142
1 2.5 3.5 0.0004955
2 10.38 13.88 0.00196438
3 28.69 42.57 0.00602466
4 78.44 121.01 0.01712573
5 172.56 293.57 0.04154686
6 288.6 582.17 0.08239033
7 346.19 928.36 0.13138413
8 298.21 1226.57 0.17358762
9 201.35 1427.92 0.20208322
10 118.95 1546.87 0.2189174
11 62.02 1608.89 0.22769463
12 29.13 1638.02 0.23181716
13 13.6 1651.62 0.23374186
14 5.8 1657.42 0.23456268
15 2.89 1660.31 0.23497168
16 1.17 1661.48 0.23513725
17 0.51 1661.99 0.2352094
18 0.27 1662.26 0.23524762
19 0.13 1662.39 0.23526602
20 0.06 1662.45 0.23527452
21 0.03 1662.48 0.23527876
22 0.02 1662.5 0.23528159
23 0.01 1662.51 0.23528301
24 0.01 1662.52 0.23528442
25 0 1662.52 0.23528442
