0 1 1 0.000142
1 2.79 3.79 0.00053654
2 8.86 12.65 0.00179035
3 24.19 36.84 0.00521372
4 65.72 102.56 0.01451461
5 151.12 253.68 0.03590156
6 266.14 519.82 0.07356643
7 336.57 856.39 0.12119874
8 303.93 1160.32 0.16421178
9 212.93 1373.25 0.19434616
10 126.02 1499.27 0.21218089
11 68.35 1567.62 0.22185399
12 35.6 1603.22 0.22689221
13 17.68 1620.9 0.22939433
14 9.12 1630.02 0.23068499
15 4.25 1634.27 0.23128647
16 1.71 1635.98 0.2315285
17 0.9 1636.88 0.23165587
18 0.3 1637.18 0.23169832
19 0.07 1637.25 0.23170824
20 0.02 1637.27 0.23171107
21 0 1637.27 0.23171107
