0 1 1 0.000142
1 3.82 4.82 0.0006823
2 12.09 16.91 0.00239324
3 30.95 47.86 0.00677332
4 81.08 128.94 0.01824804
5 179 307.94 0.04358056
6 302.41 610.35 0.08637847
7 355.85 966.2 0.13673934
8 299 1265.2 0.17905465
9 190.41 1455.61 0.206002
10 101.02 1556.63 0.2202987
11 48.19 1604.82 0.22711867
12 21.68 1626.5 0.23018686
13 9.53 1636.03 0.23153558
14 4.03 1640.06 0.23210589
15 1.94 1642 0.23238041
16 0.65 1642.65 0.2324724
17 0.2 1642.85 0.23250073
18 0.09 1642.94 0.23251347
19 0.01 1642.95 0.23251489
