0 1 1 0.000142
1 5.74 6.74 0.000954
2 16.33 23.07 0.0032649
3 44.81 67.88 0.00960662
4 110.69 178.57 0.0252717
5 222.95 401.52 0.05682424
6 338.66 740.18 0.10475239
7 359.52 1099.7 0.15563261
8 280.63 1380.33 0.19534814
9 174.52 1554.85 0.22004676
10 96.46 1651.31 0.233698
11 52.2 1703.51 0.24108554
12 26.55 1730.06 0.24484291
13 12.68 1742.74 0.24663745
14 5.38 1748.12 0.24739885
15 2.28 1750.4 0.2477215
16 1.06 1751.46 0.24787149
17 0.55 1752.01 0.24794935
18 0.25 1752.26 0.24798474
19 0.1 1752.36 0.24799888
20 0 1752.36 0.24799888
