0 1 1 0.000142
1 3.23 4.23 0.0005988
2 9.42 13.65 0.00193184
3 24.57 38.22 0.005409
4 66.7 104.92 0.01484855
5 146.39 251.31 0.03556608
6 256.38 507.69 0.07184972
7 328.04 835.73 0.11827481
8 313.77 1149.5 0.16268045
9 235.82 1385.32 0.19605427
10 142.96 1528.28 0.21628648
11 73.47 1601.75 0.22668417
12 34.8 1636.55 0.23160913
13 15.09 1651.64 0.23374467
14 6.83 1658.47 0.2347113
15 2.91 1661.38 0.23512311
16 1.2 1662.58 0.23529297
17 0.56 1663.14 0.23537219
18 0.25 1663.39 0.23540756
19 0.08 1663.47 0.23541887
20 0.03 1663.5 0.23542312
