0 1 1 0.000142
1 6.66 7.66 0.00108417
2 12.63 20.29 0.00287149
3 37.71 58 0.00820835
4 94.28 152.28 0.02155107
5 205.31 357.59 0.05060708
6 337.01 694.6 0.09830176
7 387.69 1082.29 0.15316868
8 313.67 1395.96 0.19756015
9 194.98 1590.94 0.22515434
10 99.86 1690.8 0.2392867
11 44.47 1735.27 0.24558027
12 20.21 1755.48 0.24844043
13 8.66 1764.14 0.24966601
14 3.88 1768.02 0.25021517
15 1.7 1769.72 0.2504557
16 0.67 1770.39 0.25055053
17 0.24 1770.63 0.25058449
18 0.08 1770.71 0.2505958
19 0.07 1770.78 0.25060571
20 0.03 1770.81 0.25060995
21 0.01 1770.82 0.25061137
