0 1 1 0.000142
1 3.44 4.44 0.00062854
2 10.7 15.14 0.00214265
3 29.61 44.75 0.00633319
4 76.11 120.86 0.01710443
5 172.21 293.07 0.04147611
6 286.19 579.26 0.08197853
7 349.31 928.57 0.13141384
8 309.98 1238.55 0.17528311
9 215.96 1454.51 0.20584632
10 133.02 1587.53 0.22467167
11 69.77 1657.3 0.2345457
12 34.67 1691.97 0.23945232
13 16.12 1708.09 0.24173365
14 6.58 1714.67 0.24266484
15 2.58 1717.25 0.24302996
16 1.16 1718.41 0.24319412
17 0.57 1718.98 0.24327481
18 0.24 1719.22 0.24330876
19 0.18 1719.4 0.24333424
20 0.07 1719.47 0.24334414
21 0.04 1719.51 0.24334981
22 0.02 1719.53 0.24335264
23 0.02 1719.55 0.24335547
24 0.02 1719.57 0.2433583
25 0.01 1719.58 0.24335971
26 0 1719.58 0.24335971
