0 1 1 0.000142
1 2.69 3.69 0.00052236
2 11.11 14.8 0.00209463
3 31.45 46.25 0.00654546
4 83.94 130.19 0.0184249
5 179.97 310.16 0.04389472
6 292.52 602.68 0.08529301
7 342.41 945.09 0.13375184
8 296.92 1242.01 0.17577271
9 202.7 1444.71 0.20445941
10 117.76 1562.47 0.22112511
11 62.57 1625.04 0.22998018
12 30.8 1655.84 0.2343391
13 14.58 1670.42 0.23640254
14 6.21 1676.63 0.23728138
15 2.97 1679.6 0.23770168
16 1.29 1680.89 0.23788424
17 0.81 1681.7 0.23799883
18 0.25 1681.95 0.23803423
19 0.08 1682.03 0.23804554
20 0.03 1682.06 0.23804979
21 0.03 1682.09 0.23805403
