0 1 1 0.000142
1 9.39 10.39 0.0014704
2 23.14 33.53 0.00474525
3 61.61 95.14 0.01346455
4 148.83 243.97 0.03452733
5 281.97 525.94 0.07443251
6 383.94 909.88 0.12876876
7 359.45 1269.33 0.1796391
8 248.72 1518.05 0.21483867
9 138.68 1656.73 0.23446506
10 68.33 1725.06 0.24413531
11 31.05 1756.11 0.24852959
12 14.47 1770.58 0.25057737
13 6.64 1777.22 0.25151709
14 2.93 1780.15 0.25193179
15 1.95 1782.1 0.25220776
16 0.61 1782.71 0.25229412
17 0.26 1782.97 0.25233091
18 0.19 1783.16 0.25235779
19 0.05 1783.21 0.25236488
20 0.01 1783.22 0.25236629
21 0 1783.22 0.25236629
