0 1 1 0.000142
1 2.6 3.6 0.00050969
2 10.07 13.67 0.00193472
3 28.09 41.76 0.00591
4 71.88 113.64 0.01608265
5 161.62 275.26 0.03895561
6 274.35 549.61 0.07778235
7 339.16 888.77 0.12578123
8 305.15 1193.92 0.16896692
9 217.89 1411.81 0.19980334
10 126.91 1538.72 0.21776399
11 64.99 1603.71 0.22696155
12 32.1 1635.81 0.23150443
13 13.89 1649.7 0.23347018
14 6.56 1656.26 0.23439856
15 2.87 1659.13 0.23480468
16 1.39 1660.52 0.23500143
17 0.77 1661.29 0.23511039
18 0.33 1661.62 0.23515706
19 0.14 1661.76 0.23517688
20 0.07 1661.83 0.23518679
21 0.04 1661.87 0.23519245
22 0 1661.87 0.23519245
