0 1 1 0.000142
1 2.05 3.05 0.00043184
2 7.25 10.3 0.00145779
3 20.98 31.28 0.00442692
4 55.95 87.23 0.01234509
5 131.52 218.75 0.03095813
6 232.45 451.2 0.06385512
7 292.81 744.01 0.10529446
8 272.56 1016.57 0.14386785
9 203.16 1219.73 0.17261963
10 130.59 1350.32 0.19110112
11 74.98 1425.3 0.20171245
12 38.64 1463.94 0.2071809
13 18.83 1482.77 0.20984578
14 8.83 1491.6 0.21109543
15 3.92 1495.52 0.21165022
16 1.65 1497.17 0.21188377
17 0.68 1497.85 0.21197998
18 0.31 1498.16 0.21202385
19 0.11 1498.27 0.21203943
20 0.05 1498.32 0.21204651
21 0.01 1498.33 0.21204792
22 0.01 1498.34 0.21204934
23 0 1498.34 0.21204934
24 0.01 1498.35 0.21205075
