0 1 1 0.000142
1 2.04 3.04 0.0004304
2 7.12 10.16 0.00143795
3 22.16 32.32 0.00457408
4 61.76 94.08 0.01331451
5 138.78 232.86 0.03295506
6 241.87 474.73 0.06718516
7 304.33 779.06 0.11025481
8 281.16 1060.22 0.15004535
9 206.65 1266.87 0.17929099
10 125.77 1392.64 0.19709032
11 70.4 1463.04 0.20705356
12 37.67 1500.71 0.21238467
13 17.04 1517.75 0.21479624
14 7.78 1525.53 0.21589734
15 3.46 1528.99 0.216387
16 1.65 1530.64 0.2166205
17 0.55 1531.19 0.21669833
18 0.26 1531.45 0.21673514
19 0.09 1531.54 0.21674788
20 0.04 1531.58 0.21675354
21 0.01 1531.59 0.21675495
