0 1 1 0.000142
1 6.12 7.12 0.00100773
2 15.22 22.34 0.00316158
3 48.92 71.26 0.01008491
4 120.87 192.13 0.02719082
5 250.91 443.04 0.06270023
6 365.79 808.83 0.11446784
7 362.05 1170.88 0.16570617
8 259.11 1429.99 0.2023762
9 157.64 1587.63 0.22468585
10 87.82 1675.45 0.23711439
11 47.09 1722.54 0.24377869
12 24.24 1746.78 0.24720918
13 11.01 1757.79 0.24876735
14 4.94 1762.73 0.24946645
15 2.41 1765.14 0.24980755
16 1.12 1766.26 0.24996604
17 0.55 1766.81 0.25004389
18 0.25 1767.06 0.25007927
19 0.12 1767.18 0.25009625
20 0.1 1767.28 0.25011039
21 0.04 1767.32 0.25011606
22 0.02 1767.34 0.25011889
23 0 1767.34 0.25011889
