0 1 1 0.000142
1 5.08 6.08 0.00086062
2 11.98 18.06 0.00255591
3 34.08 52.14 0.00737903
4 84.27 136.41 0.01930516
5 190.45 326.86 0.04625811
6 322.47 649.33 0.09189502
7 375.12 1024.45 0.14498304
8 313.26 1337.71 0.18931647
9 204.16 1541.87 0.21820975
10 109.95 1651.82 0.23377015
11 53.39 1705.21 0.24132608
12 24 1729.21 0.24472261
13 10.5 1739.71 0.24620859
14 4.17 1743.88 0.24679878
15 1.8 1745.68 0.2470535
16 0.68 1746.36 0.24714975
17 0.38 1746.74 0.2472035
18 0.12 1746.86 0.24722048
19 0.06 1746.92 0.24722898
20 0.02 1746.94 0.2472318
21 0 1746.94 0.2472318
