490 871.82 871.82 0 28.1172 2.53333 2.53333 0 0 7066
1057 1244.35 372.53 0 28.1172 2.85 2.85 0 0 14
1019 1759.17 514.82 0 28.1172 3.06667 3.06667 0 0 8
929 1982.61 223.44 0 28.1172 5.03333 5.03333 0 0 67
1288 2180.17 197.56 0 28.1172 5.96667 5.96667 0 0 30
1722 2339.13 158.96 0 28.1172 11.2167 11.2167 0 0 167
629 2438.47 99.3401 0 28.1172 23.95 23.95 0 0 386
1110 2524.06 85.59 0 28.1172 24.1 24.1 0 0 4
641 2634.14 110.08 0 28.2031 25.9 25.9 0 0 46
1157 2737.06 102.92 0 28.1172 31.25 31.25 0 0 148
1769 2746.12 9.05994 0 28.1172 101.717 101.717 0 0 1929
905 2819.94 73.8199 0 28.1172 102.6 102.6 0 0 26
350 2896.88 76.9401 0 28.1172 104.183 104.183 0 0 44
5116 2942.81 45.9301 0 28.1172 105.4 105.4 0 0 34
514 3008.08 65.2699 0 28.2188 256.033 256.033 0 0 4221
253 3009.68 1.59992 0 28.25 256.9 256.9 0 0 22
859 2998.38 -11.2999 0 28.25 256.983 256.983 0 0 2
2932 3063.94 65.5601 0 28.1211 257.317 257.317 0 0 8
1688 3100.89 36.9501 0 28.1211 257.567 257.567 0 0 6
1208 3086.52 -14.3699 0 28.2227 257.9 257.9 0 0 8
1515 3105.46 18.94 0 28.2227 258.117 258.117 0 0 5
2197 3062.85 -42.61 0 28.2227 258.25 258.25 0 0 3
1725 3168.95 106.1 0 28.2227 258.283 258.283 0 0 1
2466 3276.87 107.92 0 28.2227 258.333 258.333 0 0 1
571 3355.5 78.6299 0 28.2227 258.383 258.383 0 0 1
2819 3463.07 107.57 0 28.2227 258.567 258.567 0 0 4
441 3406.07 -57.0001 0 28.2227 258.617 258.617 0 0 1
1134 3553.3 147.23 0 28.2227 258.7 258.7 0 0 2
1225 3474.97 -78.33 0 28.2227 259.317 259.317 0 0 13
1334 3457.44 -17.53 0 28.2227 259.367 259.367 0 0 1