0 1 1 0.000142
1 6.7 7.7 0.00108974
2 45.8 53.5 0.00757148
3 217.94 271.44 0.03841495
4 665.87 937.31 0.13265081
5 882.6 1819.91 0.25755872
6 528.42 2348.33 0.33234221
7 199.44 2547.77 0.36056753
8 69.03 2616.8 0.37033683
9 23.41 2640.21 0.37364991
10 7.36 2647.57 0.37469144
11 2.34 2649.91 0.37502273
12 0.85 2650.76 0.37514297
13 0.26 2651.02 0.37517976
14 0.08 2651.1 0.37519109
15 0.03 2651.13 0.37519533
16 0.03 2651.16 0.37519958
17 0.01 2651.17 0.37520099
18 0.01 2651.18 0.37520241
19 0 2651.18 0.37520241
