0 1 1 0.000142
1 6.55 7.55 0.00106858
2 37.62 45.17 0.00639267
3 194.52 239.69 0.03392163
4 621.85 861.54 0.12192755
5 904.5 1766.04 0.2499349
6 574.19 2340.23 0.33119587
7 217.55 2557.78 0.36198416
8 69.14 2626.92 0.37176903
9 21.47 2648.39 0.37480755
10 7.26 2655.65 0.37583499
11 1.93 2657.58 0.37610816
12 0.52 2658.1 0.37618177
13 0.23 2658.33 0.37621432
14 0.06 2658.39 0.37622282
15 0.03 2658.42 0.37622706
16 0.03 2658.45 0.37623131
17 0.02 2658.47 0.37623414
18 0.01 2658.48 0.37623555
19 0 2658.48 0.37623555
