0 1 1 0.000142
1 2.98 3.98 0.00056339
2 8.95 12.93 0.00182994
3 25.29 38.22 0.00540901
4 66.26 104.48 0.01478631
5 145.68 250.16 0.03540332
6 247.37 497.53 0.07041184
7 314.5 812.03 0.11492077
8 297.19 1109.22 0.15697997
9 215.93 1325.15 0.18753895
10 130.01 1455.16 0.20593831
11 67.99 1523.15 0.21556047
12 32.36 1555.51 0.22014013
13 15.25 1570.76 0.22229833
14 6.75 1577.51 0.22325367
15 2.93 1580.44 0.2236683
16 1.39 1581.83 0.22386501
17 0.67 1582.5 0.22395981
18 0.36 1582.86 0.22401076
19 0.07 1582.93 0.22402068
20 0.02 1582.95 0.22402352
21 0.01 1582.96 0.22402493
