0 1 1 0.000142
1 4.23 5.23 0.0007403
2 10.29 15.52 0.00219646
3 27.77 43.29 0.00612658
4 73.71 117 0.01655822
5 168.94 285.94 0.04046706
6 295.37 581.31 0.08226859
7 370.07 951.38 0.13464201
8 326.25 1277.63 0.18081375
9 217.66 1495.29 0.21161755
10 126.66 1621.95 0.22954284
11 67.45 1689.4 0.23908856
12 32.64 1722.04 0.24370791
13 15.33 1737.37 0.24587748
14 6.59 1743.96 0.24681007
15 2.62 1746.58 0.2471809
16 1.08 1747.66 0.24733373
17 0.55 1748.21 0.24741157
18 0.25 1748.46 0.24744693
19 0.05 1748.51 0.24745401
20 0.06 1748.57 0.2474625
21 0.02 1748.59 0.24746533
22 0 1748.59 0.24746533
