0 1 1 0.000142
1 6.29 7.29 0.00103177
2 20 27.29 0.00386217
3 52.58 79.87 0.01130343
4 131.26 211.13 0.02987969
5 255.56 466.69 0.06604726
6 359.93 826.62 0.11698562
7 355.45 1182.07 0.16728979
8 262.21 1444.28 0.20439858
9 155.56 1599.84 0.22641382
10 83.25 1683.09 0.23819559
11 41.21 1724.3 0.24402774
12 20.59 1744.89 0.24694167
13 9.6 1754.49 0.24830029
14 4.22 1758.71 0.24889756
15 1.83 1760.54 0.24915655
16 0.88 1761.42 0.24928106
17 0.36 1761.78 0.24933202
18 0.09 1761.87 0.24934475
19 0.03 1761.9 0.24934898
20 0.04 1761.94 0.24935464
21 0.01 1761.95 0.24935606
