0 1 1 0.000142
1 4.52 5.52 0.00078137
2 14.95 20.47 0.002897
3 43.34 63.81 0.0090305
4 115.04 178.85 0.0253114
5 234.88 413.73 0.0585522
6 349.54 763.27 0.10802009
7 365.59 1128.86 0.15975947
8 278.35 1407.21 0.19915227
9 171.29 1578.5 0.22339375
10 86.18 1664.68 0.23559015
11 39.85 1704.53 0.24122984
12 17.92 1722.45 0.24376593
13 7.32 1729.77 0.24480186
14 3.49 1733.26 0.24529572
15 1.27 1734.53 0.24547547
16 0.55 1735.08 0.2455533
17 0.24 1735.32 0.24558731
18 0.13 1735.45 0.2456057
19 0.02 1735.47 0.24560853
20 0 1735.47 0.24560853
