0 1 1 0.000142
1 4.31 5.31 0.00075161
2 10.46 15.77 0.00223183
3 28.44 44.21 0.00625673
4 73.84 118.05 0.01670678
5 166.79 284.84 0.04031137
6 293.24 578.08 0.0818115
7 360.96 939.04 0.13289559
8 316.67 1255.71 0.17771159
9 211.81 1467.52 0.20768749
10 119.79 1587.31 0.22464058
11 60.2 1647.51 0.23316026
12 28.51 1676.02 0.23719501
13 13.39 1689.41 0.23909003
14 6.34 1695.75 0.23998724
15 2.93 1698.68 0.24040193
16 1.08 1699.76 0.2405548
17 0.48 1700.24 0.24062271
18 0.2 1700.44 0.240651
19 0.1 1700.54 0.24066516
20 0.06 1700.6 0.24067365
21 0.01 1700.61 0.24067507
22 0 1700.61 0.24067507
