0 1 1 0.000142
1 4.67 5.67 0.000802569999999999
2 11.52 17.19 0.0024328
3 34.76 51.95 0.00735211
4 94.89 146.84 0.0207812
5 203.52 350.36 0.04958391
6 331.68 682.04 0.09652422
7 373.94 1055.98 0.14944524
8 294.5 1350.48 0.19112371
9 182.65 1533.13 0.21697286
10 96.1 1629.23 0.23057319
11 44.58 1673.81 0.23688227
12 20.54 1694.35 0.23978917
13 8.92 1703.27 0.24105154
14 3.84 1707.11 0.24159497
15 1.74 1708.85 0.24184124
16 0.69 1709.54 0.24193888
17 0.23 1709.77 0.24197142
18 0.1 1709.87 0.24198558
19 0 1709.87 0.24198558
