0 1 1 0.000142
1 3.14 4.14 0.00058609
2 7.85 11.99 0.00169693
3 25.05 37.04 0.00524204
4 67.31 104.35 0.01476793
5 149.9 254.25 0.03598217
6 261.58 515.83 0.07300176
7 340.25 856.08 0.12115483
8 324.69 1180.77 0.16710585
9 233.03 1413.8 0.20008496
10 136.33 1550.13 0.21937871
11 70.58 1620.71 0.22936742
12 32.68 1653.39 0.2339924
13 14.88 1668.27 0.23609822
14 6.59 1674.86 0.23703087
15 2.69 1677.55 0.2374116
16 1.36 1678.91 0.23760407
17 0.74 1679.65 0.2377088
18 0.29 1679.94 0.23774982
19 0.23 1680.17 0.23778238
20 0.05 1680.22 0.23778946
21 0.03 1680.25 0.2377937
22 0.01 1680.26 0.23779511
23 0.01 1680.27 0.23779653
24 0 1680.27 0.23779653
