0 1 1 0.000142
1 4.16 5.16 0.00073037
2 9.55 14.71 0.00208176
3 26.06 40.77 0.00576991
4 67.33 108.1 0.01529867
5 148.32 256.42 0.03628928
6 270.57 526.99 0.07458111
7 345.94 872.93 0.12353952
8 310.62 1183.55 0.16749929
9 211.91 1395.46 0.1974894
10 119.5 1514.96 0.21440136
11 61.48 1576.44 0.22310217
12 31.38 1607.82 0.22754316
13 15.63 1623.45 0.22975517
14 7.65 1631.1 0.23083784
15 3.68 1634.78 0.23135866
16 1.52 1636.3 0.23157377
17 0.79 1637.09 0.2316856
18 0.32 1637.41 0.23173087
19 0.12 1637.53 0.23174785
20 0.05 1637.58 0.23175493
21 0.03 1637.61 0.23175918
22 0.03 1637.64 0.23176342
23 0.01 1637.65 0.23176484
24 0.01 1637.66 0.23176625
