0 1 1 0.000142
1 4.73 5.73 0.00081106
2 13.89 19.62 0.00277673
3 39.49 59.11 0.00836537
4 101.12 160.23 0.02267621
5 212.93 373.16 0.05281061
6 334.5 707.66 0.10015002
7 364.14 1071.8 0.15168412
8 288.74 1360.54 0.19254743
9 184.65 1545.19 0.21867959
10 97.47 1642.66 0.23247381
11 47.32 1689.98 0.23917071
12 21.51 1711.49 0.24221481
13 9.78 1721.27 0.24359893
14 4.5 1725.77 0.24423575
15 1.75 1727.52 0.24448343
16 0.68 1728.2 0.24457965
17 0.4 1728.6 0.24463631
18 0.16 1728.76 0.24465893
19 0.08 1728.84 0.24467025
20 0.06 1728.9 0.24467874
21 0.03 1728.93 0.24468299
22 0.01 1728.94 0.2446844
23 0 1728.94 0.2446844
