0 1 1 0.000142
1 2.9 3.9 0.00055212
2 10.55 14.45 0.00204506
3 29.47 43.92 0.00621574
4 77.25 121.17 0.0171483
5 174.83 296 0.04189075
6 294.54 590.54 0.08357484
7 348.08 938.62 0.13283609
8 304.15 1242.77 0.1758803
9 217.58 1460.35 0.20667277
10 133.75 1594.1 0.22560147
11 71.91 1666.01 0.23577839
12 35.09 1701.1 0.24074446
13 16 1717.1 0.24300877
14 7.65 1724.75 0.24409144
15 3.57 1728.32 0.24459668
16 1.7 1730.02 0.24483729
17 0.72 1730.74 0.24493918
18 0.2 1730.94 0.24496748
19 0.05 1730.99 0.24497456
20 0 1730.99 0.24497456
