0 1 1 0.000142
1 3.41 4.41 0.00062431
2 8.45 12.86 0.00181999
3 25.28 38.14 0.00539773
4 65.65 103.79 0.01468867
5 154.71 258.5 0.0365836
6 271.38 529.88 0.07499012
7 342.96 872.84 0.1235268
8 317.39 1190.23 0.16844467
9 227.68 1417.91 0.2006666
10 136.9 1554.81 0.22004101
11 70.95 1625.76 0.23008209
12 32.82 1658.58 0.23472685
13 14.79 1673.37 0.23682002
14 6.32 1679.69 0.23771441
15 2.37 1682.06 0.23804978
16 1.11 1683.17 0.23820684
17 0.52 1683.69 0.23828046
18 0.23 1683.92 0.23831298
19 0.09 1684.01 0.23832572
20 0.05 1684.06 0.2383328
21 0 1684.06 0.2383328
