0 1 1 0.000142
1 3.01 4.01 0.00056765
2 9.98 13.99 0.00197993
3 26.47 40.46 0.00572602
4 71.01 111.47 0.01577556
5 161.48 272.95 0.03862859
6 280.29 553.24 0.07829613
7 351.43 904.67 0.12803143
8 321.15 1225.82 0.17348147
9 230.07 1455.89 0.20604156
10 140.49 1596.38 0.22592411
11 75.25 1671.63 0.23657372
12 37.15 1708.78 0.24183136
13 16.84 1725.62 0.24421457
14 7.48 1733.1 0.24527317
15 3.29 1736.39 0.24573881
16 1.34 1737.73 0.24592839
17 0.4 1738.13 0.24598503
18 0.24 1738.37 0.24601897
19 0.11 1738.48 0.24603452
20 0.07 1738.55 0.24604444
21 0.02 1738.57 0.24604727
