0 1 1 0.000142
1 5.5 6.5 0.00091998
2 15.89 22.39 0.00316872
3 47.14 69.53 0.0098401
4 116.38 185.91 0.02631049
5 235.48 421.39 0.0596363
6 351.52 772.91 0.10938435
7 362.37 1135.28 0.16066799
8 272.11 1407.39 0.19917779
9 159.38 1566.77 0.22173366
10 79.14 1645.91 0.2329338
11 36.61 1682.52 0.23811496
12 17.37 1699.89 0.24057313
13 7.36 1707.25 0.24161481
14 3.19 1710.44 0.24206621
15 1.7 1712.14 0.2423068
16 0.62 1712.76 0.24239454
17 0.25 1713.01 0.24242993
18 0.07 1713.08 0.24243982
19 0.03 1713.11 0.24244406
20 0 1713.11 0.24244406
