0 1 1 0.000142
1 3.65 4.65 0.00065823
2 9.08 13.73 0.00194312
3 24.47 38.2 0.00540618
4 59.99 98.19 0.0138961
5 135.42 233.61 0.0330612
6 246.59 480.2 0.0679592
7 329.55 809.75 0.11459807
8 322.66 1132.41 0.16026186
9 234.12 1366.53 0.19339516
10 139.12 1505.65 0.2130838
11 72.71 1578.36 0.22337391
12 34.05 1612.41 0.22819276
13 15.47 1627.88 0.23038217
14 6.91 1634.79 0.23136007
15 3.32 1638.11 0.23182993
16 1.43 1639.54 0.23203231
17 0.62 1640.16 0.23212007
18 0.26 1640.42 0.23215686
19 0.09 1640.51 0.2321696
20 0.05 1640.56 0.23217667
21 0.01 1640.57 0.23217808
22 0.01 1640.58 0.2321795
23 0 1640.58 0.2321795
