0 1 1 0.000142
1 4.01 5.01 0.00070917
2 10.5 15.51 0.00219507
3 29.95 45.46 0.0064336
4 77 122.46 0.01733087
5 170.29 292.75 0.04143079
6 291.14 583.89 0.08263372
7 353.03 936.92 0.13259557
8 307.78 1244.7 0.17615342
9 220.23 1464.93 0.20732095
10 132.7 1597.63 0.2261011
11 70.3 1667.93 0.23605015
12 34.43 1702.36 0.24092278
13 16.29 1718.65 0.24322815
14 7.13 1725.78 0.2442372
15 3.29 1729.07 0.24470279
16 1.47 1730.54 0.24491088
17 0.62 1731.16 0.24499864
18 0.32 1731.48 0.24504391
19 0.15 1731.63 0.24506514
20 0.03 1731.66 0.24506938
21 0.02 1731.68 0.24507221
22 0.02 1731.7 0.24507504
23 0.01 1731.71 0.24507645
24 0.01 1731.72 0.24507787
25 0.01 1731.73 0.24507928
26 0.02 1731.75 0.24508212
27 0.02 1731.77 0.24508495
28 0 1731.77 0.24508495
