0 1 1 0.000142
1 4.84 5.84 0.00082664
2 14.8 20.64 0.00292105
3 42.67 63.31 0.00895982
4 109.38 172.69 0.02443958
5 228.03 400.72 0.056711
6 344.7 745.42 0.1054939
7 367.16 1112.58 0.15745551
8 281.73 1394.31 0.19732662
9 172.11 1566.42 0.22168411
10 89.61 1656.03 0.23436597
11 41.99 1698.02 0.24030851
12 18.97 1716.99 0.24299322
13 8.61 1725.6 0.24421177
14 3.78 1729.38 0.24474671
15 1.7 1731.08 0.24498729
16 0.86 1731.94 0.245109
17 0.41 1732.35 0.24516702
18 0.11 1732.46 0.2451826
19 0.13 1732.59 0.245201
20 0.02 1732.61 0.24520382
