0 1 1 0.000142
1 3.59 4.59 0.0006497
2 11.45 16.04 0.0022701
3 33.32 49.36 0.00698555
4 87.48 136.84 0.01936597
5 190.17 327.01 0.04627937
6 303.24 630.25 0.08919471
7 351.57 981.82 0.13894989
8 299.94 1281.76 0.18139826
9 199.73 1481.49 0.20966457
10 113.15 1594.64 0.22567792
11 55.82 1650.46 0.2335777
12 25.43 1675.89 0.23717665
13 10.98 1686.87 0.23873054
14 4.83 1691.7 0.23941409
15 2.37 1694.07 0.23974949
16 0.99 1695.06 0.23988962
17 0.43 1695.49 0.23995049
18 0.2 1695.69 0.23997877
19 0.05 1695.74 0.23998584
20 0 1695.74 0.23998584
