0 1 1 0.000142
1 2.92 3.92 0.00055491
2 7.92 11.84 0.00167565
3 26.74 38.58 0.00545998
4 67.11 105.69 0.01495762
5 159.35 265.04 0.03750921
6 284.18 549.22 0.07772716
7 355.78 905 0.12807818
8 318.26 1223.26 0.17311921
9 222 1445.26 0.20453725
10 132.35 1577.61 0.22326782
11 71.38 1648.99 0.23336969
12 35.66 1684.65 0.23841635
13 15.38 1700.03 0.24059292
14 6.81 1706.84 0.24155678
15 2.84 1709.68 0.24195868
16 1.14 1710.82 0.24212004
17 0.48 1711.3 0.24218796
18 0.16 1711.46 0.24221061
19 0.09 1711.55 0.24222336
20 0.02 1711.57 0.24222619
21 0 1711.57 0.24222619
22 0.01 1711.58 0.24222761
