0 1 1 0.000142
1 3.17 4.17 0.00059035
2 10.49 14.66 0.00207477
3 30 44.66 0.00632048
4 80.94 125.6 0.01777528
5 180.21 305.81 0.04327911
6 293.52 599.33 0.08481892
7 346.14 945.47 0.13380555
8 297.05 1242.52 0.17584489
9 201.09 1443.61 0.20430379
10 117.78 1561.39 0.2209723
11 62.59 1623.98 0.22983019
12 31.44 1655.42 0.23427966
13 14.58 1670 0.23634309
14 6.68 1676.68 0.23728848
15 3.08 1679.76 0.23772435
16 1.33 1681.09 0.23791257
17 0.51 1681.6 0.23798472
18 0.17 1681.77 0.23800878
19 0.16 1681.93 0.23803142
20 0.02 1681.95 0.23803425
21 0.02 1681.97 0.23803708
22 0 1681.97 0.23803708
