0 1 1 0.000142
1 3.23 4.23 0.0005988
2 12.28 16.51 0.0023366
3 36.04 52.55 0.00743701
4 92.47 145.02 0.02052365
5 199.07 344.09 0.04869664
6 315.63 659.72 0.0933654100000001
7 349.65 1009.37 0.14284891
8 281.63 1291 0.18270596
9 179.33 1470.33 0.20808525
10 98.84 1569.17 0.22207332
11 49.94 1619.11 0.22914094
12 23.53 1642.64 0.23247101
13 10.27 1652.91 0.23392448
14 4.36 1657.27 0.23454157
15 2.01 1659.28 0.23482599
16 0.95 1660.23 0.23496039
17 0.4 1660.63 0.23501701
18 0.2 1660.83 0.23504535
19 0.16 1660.99 0.23506799
20 0.09 1661.08 0.23508072
21 0.03 1661.11 0.23508497
