0 1 1 0.000142
1 7.93 8.93 0.00126387
2 18.49 27.42 0.00388061
3 55.75 83.17 0.01177046
4 137.21 220.38 0.03118876
5 269.46 489.84 0.06932349
6 376.95 866.79 0.12267055
7 356.31 1223.1 0.1730965
8 253.71 1476.81 0.20900231
9 147.34 1624.15 0.22985421
10 76.79 1700.94 0.24072177
11 38.94 1739.88 0.24623267
12 19.67 1759.55 0.2490164
13 9.15 1768.7 0.25031136
14 4.68 1773.38 0.25097369
15 1.93 1775.31 0.25124682
16 0.59 1775.9 0.25133029
17 0.22 1776.12 0.25136144
18 0.05 1776.17 0.2513685
19 0.04 1776.21 0.25137416
20 0 1776.21 0.25137416
