0 1 1 0.000142
1 2.86 3.86 0.00054642
2 6.79 10.65 0.00150732
3 17.23 27.88 0.0039457
4 45.64 73.52 0.01040481
5 104.98 178.5 0.02526186
6 196.4 374.9 0.05305691
7 282.5 657.4 0.09303709
8 301.38 958.78 0.13568925
9 248.7 1207.48 0.17088593
10 165.43 1372.91 0.19429805
11 99.16 1472.07 0.20833149
12 52.84 1524.91 0.21580958
13 25.81 1550.72 0.21946226
14 11.73 1562.45 0.22112231
15 5.63 1568.08 0.22191911
16 2.5 1570.58 0.22227291
17 1.22 1571.8 0.22244557
18 0.54 1572.34 0.22252198
19 0.26 1572.6 0.22255879
20 0.16 1572.76 0.22258145
21 0.03 1572.79 0.22258569
22 0.04 1572.83 0.22259136
23 0 1572.83 0.22259136
24 0.01 1572.84 0.22259277
