0 1 1 0.000142
1 3 4 0.00056625
2 8.85 12.85 0.00181863
3 26.03 38.88 0.00550244
4 67.39 106.27 0.01503965
5 154.41 260.68 0.03689213
6 266.56 527.24 0.07461647
7 333.14 860.38 0.12176345
8 299.25 1159.63 0.16411407
9 212.27 1371.9 0.19415508
10 129.54 1501.44 0.21248802
11 72.96 1574.4 0.2228135
12 37.67 1612.07 0.22814465
13 17.37 1629.44 0.23060287
14 8.05 1637.49 0.23174221
15 3.67 1641.16 0.2322616
16 1.55 1642.71 0.23248095
17 0.92 1643.63 0.23261118
18 0.46 1644.09 0.23267627
19 0.15 1644.24 0.2326975
20 0.06 1644.3 0.23270598
21 0.03 1644.33 0.23271024
22 0.02 1644.35 0.23271307
23 0.02 1644.37 0.2327159
24 0.02 1644.39 0.23271873
25 0 1644.39 0.23271873
