0 1 1 0.000142
1 8.67 9.67 0.00136853
2 20.82 30.49 0.00431508
3 56.97 87.46 0.01237758
4 137.93 225.39 0.03189779
5 270.18 495.57 0.07013444
6 378 873.57 0.12363009
7 364.05 1237.62 0.17515143
8 255.55 1493.17 0.21131755
9 144.13 1637.3 0.23171525
10 70.13 1707.43 0.24164027
11 32.08 1739.51 0.24618033
12 14.38 1753.89 0.24821535
13 5.78 1759.67 0.24903338
14 2.57 1762.24 0.24939714
15 1.05 1763.29 0.24954571
16 0.44 1763.73 0.24960803
17 0.26 1763.99 0.24964483
18 0.07 1764.06 0.24965474
19 0.04 1764.1 0.2496604
20 0.03 1764.13 0.24966464
21 0.02 1764.15 0.24966747
22 0.01 1764.16 0.24966888
