0 1 1 0.000142
1 4.8 5.8 0.000821
2 12.35 18.15 0.00256859
3 37.37 55.52 0.00785736
4 96.61 152.13 0.02152988
5 209.59 361.72 0.05119161
6 332.74 694.46 0.09828192
7 360.45 1054.91 0.14929381
8 293.49 1348.4 0.19082934
9 190.7 1539.1 0.2178177
10 109.46 1648.56 0.2333088
11 57.18 1705.74 0.24140109
12 30.1 1735.84 0.24566092
13 15.26 1751.1 0.24782057
14 7.44 1758.54 0.2488735
15 3.73 1762.27 0.24940132
16 1.49 1763.76 0.24961224
17 0.68 1764.44 0.24970847
18 0.43 1764.87 0.24976932
19 0.21 1765.08 0.24979905
20 0.06 1765.14 0.24980753
21 0.05 1765.19 0.24981461
22 0.02 1765.21 0.24981744
23 0 1765.21 0.24981744
