0 1 1 0.000142
1 4.08 5.08 0.00071908
2 8.42 13.5 0.00191056
3 23.36 36.86 0.00521659
4 58.11 94.97 0.01344043
5 133.58 228.55 0.03234506
6 242.93 471.48 0.0667252
7 327.82 799.3 0.11311918
8 321.17 1120.47 0.15857203
9 239.02 1359.49 0.19239885
10 145.16 1504.65 0.21294226
11 72.98 1577.63 0.22327059
12 35.7 1613.33 0.22832294
13 15.95 1629.28 0.23058024
14 6.87 1636.15 0.2315525
15 2.9 1639.05 0.23196294
16 1.49 1640.54 0.23217381
17 0.59 1641.13 0.2322573
18 0.38 1641.51 0.23231112
19 0.13 1641.64 0.23232951
20 0.04 1641.68 0.23233517
21 0.02 1641.7 0.23233799
