0 1 1 0.000142
1 5.66 6.66 0.00094265
2 15.79 22.45 0.00317722
3 46.15 68.6 0.00970846
4 120.05 188.65 0.02669829
5 249.14 437.79 0.06195725
6 373.35 811.14 0.11479478
7 377.81 1188.95 0.1682635
8 272.62 1461.57 0.2068455
9 154.69 1616.26 0.22873763
10 79.44 1695.7 0.23998023
11 39.67 1735.37 0.24559444
12 19.3 1754.67 0.24832575
13 8.88 1763.55 0.24958248
14 3.94 1767.49 0.25014012
15 1.68 1769.17 0.25037785
16 0.74 1769.91 0.2504826
17 0.33 1770.24 0.25052929
18 0.12 1770.36 0.25054628
19 0.04 1770.4 0.25055193
20 0.05 1770.45 0.25055901
21 0.01 1770.46 0.25056043
22 0 1770.46 0.25056043
