0 1 1 0.000142
1 3.13 4.13 0.00058461
2 9.92 14.05 0.00198842
3 28.66 42.71 0.00604447
4 72.56 115.27 0.01631331
5 165.64 280.91 0.03975519
6 287.65 568.56 0.0804642
7 351.14 919.7 0.13015847
8 314.4 1234.1 0.17465332
9 218.15 1452.25 0.20552646
10 128.25 1580.5 0.22367681
11 67.15 1647.65 0.23318008
12 33.49 1681.14 0.23791964
13 16.68 1697.82 0.24028024
14 6.96 1704.78 0.24126525
15 3.17 1707.95 0.24171381
16 1.44 1709.39 0.24191764
17 0.58 1709.97 0.24199973
18 0.3 1710.27 0.24204217
19 0.14 1710.41 0.24206199
20 0.04 1710.45 0.24206765
21 0.03 1710.48 0.2420719
22 0.01 1710.49 0.24207331
23 0 1710.49 0.24207331
