0 1 1 0.000142
1 3.51 4.51 0.00063845
2 13.09 17.6 0.00249086
3 36.32 53.92 0.00763092
4 96.05 149.97 0.0212242
5 201.97 351.94 0.04980753
6 318.44 670.38 0.09487403
7 354.7 1025.08 0.14507215
8 292.64 1317.72 0.18648742
9 191.33 1509.05 0.21356498
10 108.72 1617.77 0.22895133
11 52.74 1670.51 0.23641524
12 25.77 1696.28 0.2400623
13 11.3 1707.58 0.24166151
14 5.25 1712.83 0.24240452
15 2.18 1715.01 0.24271305
16 0.74 1715.75 0.24281773
17 0.35 1716.1 0.24286728
18 0.16 1716.26 0.24288993
19 0.07 1716.33 0.24289983
20 0.02 1716.35 0.24290266
21 0.04 1716.39 0.24290832
22 0.02 1716.41 0.24291116
23 0.01 1716.42 0.24291257
24 0 1716.42 0.24291257
