0 1 1 0.000142
1 6.53 7.53 0.00106569
2 16.79 24.32 0.00344187
3 49.3 73.62 0.01041889
4 124.42 198.04 0.02802719
5 255 453.04 0.06411552
6 372.68 825.72 0.11685821
7 376.31 1202.03 0.17011466
8 270.35 1472.38 0.20837531
9 153.49 1625.87 0.23009768
10 77.04 1702.91 0.24100057
11 38.46 1741.37 0.24644353
12 18.79 1760.16 0.24910276
13 8.91 1769.07 0.25036375
14 3.69 1772.76 0.25088594
15 1.62 1774.38 0.25111525
16 0.52 1774.9 0.2511888
17 0.22 1775.12 0.25121995
18 0.17 1775.29 0.25124401
19 0.07 1775.36 0.25125392
20 0.03 1775.39 0.25125816
