0 1 1 0.000142
1 4.93 5.93 0.0008393
2 17.4 23.33 0.00330169
3 50.59 73.92 0.01046139
4 129.1 203.02 0.02873201
5 261.63 464.65 0.06575855
6 376.74 841.39 0.11907583
7 374.7 1216.09 0.17210446
8 271 1487.09 0.2104571
9 156.13 1643.22 0.23255312
10 78.24 1721.46 0.24362584
11 36.38 1757.84 0.24877445
12 16.18 1774.02 0.25106421
13 7.43 1781.45 0.25211575
14 3.33 1784.78 0.25258706
15 1.56 1786.34 0.25280785
16 0.54 1786.88 0.25288425
17 0.18 1787.06 0.2529097
18 0.08 1787.14 0.25292104
19 0.05 1787.19 0.2529281
20 0.06 1787.25 0.2529366
21 0.05 1787.3 0.25294368
22 0.02 1787.32 0.2529465
23 0 1787.32 0.2529465
