0 1 1 0.000142
1 3.68 4.68 0.00066246
2 15.43 20.11 0.00284607
3 40.39 60.5 0.00856219
4 104.04 164.54 0.02328616
5 217.24 381.78 0.05403058
6 332.09 713.87 0.10102892
7 350.87 1064.74 0.15068498
8 271.75 1336.49 0.18914381
9 165.39 1501.88 0.21255022
10 92.43 1594.31 0.22563118
11 45.71 1640.02 0.23210023
12 21.85 1661.87 0.23519243
13 10.44 1672.31 0.23666999
14 4.65 1676.96 0.23732803
15 2.03 1678.99 0.23761529
16 1.05 1680.04 0.23776392
17 0.46 1680.5 0.237829
18 0.14 1680.64 0.23784882
19 0.01 1680.65 0.23785024
20 0.01 1680.66 0.23785165
