0 1 1 0.000142
1 4.4 5.4 0.00076432
2 10.72 16.12 0.00228138
3 30.2 46.32 0.00655533
4 76.43 122.75 0.01737197
5 172.96 295.71 0.04184963
6 295.55 591.26 0.08367678
7 366.97 958.23 0.13561137
8 319.62 1277.85 0.1808449
9 220.15 1498 0.21200117
10 128.83 1626.83 0.23023354
11 65.44 1692.27 0.23949478
12 30.39 1722.66 0.24379562
13 13.34 1736 0.24568354
14 5.68 1741.68 0.24648737
15 2.42 1744.1 0.2468299
16 1.02 1745.12 0.24697428
17 0.46 1745.58 0.24703936
18 0.2 1745.78 0.24706768
19 0.12 1745.9 0.24708466
20 0.06 1745.96 0.24709315
21 0.02 1745.98 0.24709598
22 0.02 1746 0.24709881
