0 1 1 0.000142
1 7.68 8.68 0.00122845
2 18.2 26.88 0.00380415
3 50.62 77.5 0.01096802
4 123.26 200.76 0.02841209
5 252.64 453.4 0.06416648
6 376.92 830.32 0.1175092
7 380.49 1210.81 0.17135719
8 272.2 1483.01 0.20987972
9 157.22 1640.23 0.23212992
10 78.34 1718.57 0.2432168
11 35.99 1754.56 0.24831022
12 15.7 1770.26 0.25053217
13 6.85 1777.11 0.25150152
14 3.1 1780.21 0.25194027
15 1.34 1781.55 0.25212986
16 0.64 1782.19 0.25222047
17 0.24 1782.43 0.2522544
18 0.12 1782.55 0.25227138
19 0.04 1782.59 0.25227704
20 0 1782.59 0.25227704
21 0.01 1782.6 0.25227846
22 0.03 1782.63 0.25228271
23 0.03 1782.66 0.25228695
