0 1 1 0.000142
1 2.89 3.89 0.00055066
2 10.76 14.65 0.00207334
3 27.7 42.35 0.00599356
4 74.5 116.85 0.01653701
5 166.67 283.52 0.04012455
6 283.42 566.94 0.080235
7 343.35 910.29 0.12882682
8 295.32 1205.61 0.17062131
9 198.8 1404.41 0.19875603
10 110.67 1515.08 0.21441838
11 55.24 1570.32 0.22223609
12 25.87 1596.19 0.22589733
13 11.58 1607.77 0.22753609
14 5.17 1612.94 0.2282678
15 2.23 1615.17 0.22858341
16 0.95 1616.12 0.22871782
17 0.28 1616.4 0.22875748
18 0.17 1616.57 0.22878153
19 0.07 1616.64 0.22879144
20 0.02 1616.66 0.22879427
21 0 1616.66 0.22879427
