0 1 1 0.000142
1 3.37 4.37 0.00061863
2 9.1 13.47 0.00190633
3 28.04 41.51 0.00587463
4 71.83 113.34 0.01604018
5 165.05 278.39 0.03939858
6 288.67 567.06 0.080252
7 363.01 930.07 0.13162611
8 318.35 1248.42 0.17667988
9 212.49 1460.91 0.20675207
10 116.51 1577.42 0.22324088
11 57.74 1635.16 0.23141243
12 27.43 1662.59 0.23529434
13 11.89 1674.48 0.23697704
14 5.47 1679.95 0.23775124
15 2.22 1682.17 0.23806542
16 0.96 1683.13 0.23820124
17 0.29 1683.42 0.23824227
18 0.07 1683.49 0.23825217
19 0.06 1683.55 0.23826066
20 0.02 1683.57 0.23826349
21 0 1683.57 0.23826349
