0 1 1 0.000142
1 4.06 5.06 0.00071627
2 9.16 14.22 0.00201247
3 25.92 40.14 0.00568071
4 64.75 104.89 0.0148443
5 141.84 246.73 0.03491787
6 246.03 492.76 0.06973681
7 318.85 811.61 0.11486132
8 305.08 1116.69 0.1580371
9 234.31 1351 0.19119729
10 149.68 1500.68 0.21238045
11 85.43 1586.11 0.22447067
12 45.93 1632.04 0.23097083
13 24.31 1656.35 0.23441122
14 12.13 1668.48 0.23612792
15 5.15 1673.63 0.23685677
16 2.35 1675.98 0.23718936
17 0.92 1676.9 0.23731956
18 0.44 1677.34 0.2373818
19 0.2 1677.54 0.23741011
20 0.05 1677.59 0.23741718
21 0.02 1677.61 0.23742001
22 0 1677.61 0.23742001
