0 1 1 0.000142
1 3.35 4.35 0.00061576
2 10.14 14.49 0.00205067
3 27.52 42.01 0.00594535
4 69.89 111.9 0.01583641
5 156.71 268.61 0.0380144
6 273.84 542.45 0.07676911
7 336.89 879.34 0.12444668
8 307.34 1186.68 0.16794232
9 221.4 1408.08 0.19927542
10 137.66 1545.74 0.21875741
11 72.92 1618.66 0.22907728
12 35.29 1653.95 0.23407165
13 16 1669.95 0.23633596
14 6.74 1676.69 0.23728986
15 3.23 1679.92 0.23774699
16 1.18 1681.1 0.23791395
17 0.65 1681.75 0.23800596
18 0.27 1682.02 0.23804415
19 0.08 1682.1 0.23805548
20 0.03 1682.13 0.23805973
21 0 1682.13 0.23805973
