0 1 1 0.000142
1 5.55 6.55 0.00092708
2 12.19 18.74 0.0026522
3 33 51.74 0.00732244
4 85.13 136.87 0.01937023
5 187.91 324.78 0.04596379
6 312.88 637.66 0.09024345
7 369.81 1007.47 0.14257997
8 313.94 1321.41 0.18700967
9 209.28 1530.69 0.21662751
10 117.78 1648.47 0.23329602
11 60.68 1709.15 0.24188369
12 30.45 1739.6 0.24619299
13 15.85 1755.45 0.24843613
14 7.35 1762.8 0.24947636
15 3.46 1766.26 0.24996608
16 1.45 1767.71 0.25017129
17 0.73 1768.44 0.25027456
18 0.23 1768.67 0.25030711
19 0.09 1768.76 0.25031985
20 0.01 1768.77 0.25032126
21 0 1768.77 0.25032126
