0 1 1 0.000142
1 3.69 4.69 0.00066392
2 10.12 14.81 0.00209599
3 27.89 42.7 0.00604309
4 71.45 114.15 0.01615482
5 156.48 270.63 0.03830037
6 270.19 540.82 0.07653836
7 334.58 875.4 0.12388906
8 302.44 1177.84 0.16669123
9 207.65 1385.49 0.19607845
10 122.08 1507.57 0.21335552
11 66.49 1574.06 0.22276536
12 33.86 1607.92 0.22755733
13 16.62 1624.54 0.22990941
14 7.48 1632.02 0.23096803
15 3.57 1635.59 0.23147325
16 1.58 1637.17 0.23169688
17 0.7 1637.87 0.23179595
18 0.35 1638.22 0.23184547
19 0.14 1638.36 0.23186529
20 0.07 1638.43 0.23187519
21 0.02 1638.45 0.23187802
22 0.01 1638.46 0.23187944
23 0.01 1638.47 0.23188085
