0 1 1 0.000142
1 15.31 16.31 0.00230818
2 27.78 44.09 0.00623976
3 76.59 120.68 0.01707895
4 174.02 294.7 0.0417068
5 321.38 616.08 0.08718936
6 410.16 1026.24 0.14523636
7 348.48 1374.72 0.19455424
8 213.85 1588.57 0.22481882
9 104.49 1693.06 0.23960654
10 48.9 1741.96 0.24652701
11 22.25 1764.21 0.24967592
12 10.06 1774.27 0.2510996
13 4.31 1778.58 0.2517096
14 1.83 1780.41 0.25196859
15 0.7 1781.11 0.2520677
16 0.38 1781.49 0.25212148
17 0.15 1781.64 0.25214272
18 0.04 1781.68 0.25214838
19 0.02 1781.7 0.25215121
20 0 1781.7 0.25215121
