0 1 1 0.000142
1 5.45 6.45 0.00091295
2 12.95 19.4 0.00274553
3 39.02 58.42 0.00826779
4 99.16 157.58 0.02230115
5 220.37 377.95 0.05348856
6 344.47 722.42 0.10223892
7 379.97 1102.39 0.15601328
8 297.34 1399.73 0.19809367
9 185.54 1585.27 0.22435186
10 99.15 1684.42 0.2383838
11 49.34 1733.76 0.24536655
12 23.96 1757.72 0.24875746
13 10.75 1768.47 0.2502788
14 5.07 1773.54 0.25099635
15 2.07 1775.61 0.25128926
16 1.06 1776.67 0.25143928
17 0.37 1777.04 0.25149166
18 0.25 1777.29 0.25152703
19 0.13 1777.42 0.25154542
20 0.06 1777.48 0.25155391
21 0.01 1777.49 0.25155533
22 0.01 1777.5 0.25155674
23 0 1777.5 0.25155674
