0 1 1 0.000142
1 5.54 6.54 0.00092563
2 13.54 20.08 0.00284176
3 37.56 57.64 0.0081574
4 93.69 151.33 0.02141665
5 199.95 351.28 0.04971414
6 320.92 672.2 0.09513165
7 370.89 1043.09 0.14762105
8 309.53 1352.62 0.19142659
9 205.79 1558.41 0.22055048
10 117.86 1676.27 0.23723039
11 59.04 1735.31 0.24558586
12 27.39 1762.7 0.24946224
13 13.15 1775.85 0.25132321
14 5.87 1781.72 0.25215395
15 2.86 1784.58 0.25255871
16 1.5 1786.08 0.25277097
17 0.6 1786.68 0.2528559
18 0.27 1786.95 0.25289413
19 0.11 1787.06 0.2529097
20 0.03 1787.09 0.25291394
21 0.02 1787.11 0.25291677
22 0.01 1787.12 0.25291819
