0 1 1 0.000142
1 3.01 4.01 0.00056765
2 9.42 13.43 0.00190067
3 27.13 40.56 0.00574021
4 70.63 111.19 0.0157359
5 159.85 271.04 0.03835833
6 274.57 545.61 0.07721629
7 332.36 877.97 0.12425274
8 289.19 1167.16 0.16517971
9 210.65 1377.81 0.19499153
10 133.33 1511.14 0.21386076
11 75.22 1586.36 0.22450613
12 38.84 1625.2 0.23000284
13 17.7 1642.9 0.2325078
14 8.36 1651.26 0.2336909
15 3.69 1654.95 0.23421316
16 1.66 1656.61 0.23444802
17 0.72 1657.33 0.23454995
18 0.34 1657.67 0.23459805
19 0.19 1657.86 0.23462493
20 0.05 1657.91 0.23463199
21 0.04 1657.95 0.23463764
22 0.01 1657.96 0.23463906
23 0.02 1657.98 0.23464189
24 0.01 1657.99 0.2346433
25 0.01 1658 0.23464472
