0 1 1 0.000142
1 3.18 4.18 0.00059174
2 11.06 15.24 0.00215684
3 31.63 46.87 0.00663319
4 80.56 127.43 0.01803428
5 179.19 306.62 0.04339375
6 291.19 597.81 0.08460375
7 335.48 933.29 0.13208181
8 282.95 1216.24 0.17212566
9 184.3 1400.54 0.19820833
10 104.57 1505.11 0.21300738
11 53.17 1558.28 0.22053212
12 25.09 1583.37 0.22408294
13 12.01 1595.38 0.22578268
14 5.54 1600.92 0.22656666
15 2.29 1603.21 0.22689072
16 0.98 1604.19 0.22702942
17 0.59 1604.78 0.2271129
18 0.24 1605.02 0.22714689
19 0.06 1605.08 0.22715539
20 0.01 1605.09 0.22715681
21 0 1605.09 0.22715681
