0 1 1 0.000142
1 4.61 5.61 0.00079406
2 13.76 19.37 0.0027413
3 43.7 63.07 0.00892587
4 109.71 172.78 0.0244523
5 231.39 404.17 0.0571992599999999
6 342.68 746.85 0.1056963
7 361.38 1108.23 0.15683979
8 277.25 1385.48 0.19607696
9 165.45 1550.93 0.21949189
10 84.3 1635.23 0.23142232
11 40.26 1675.49 0.23711997
12 18.23 1693.72 0.23969997
13 7.67 1701.39 0.24078546
14 3.48 1704.87 0.24127795
15 1.73 1706.6 0.24152279
16 0.58 1707.18 0.24160491
17 0.23 1707.41 0.24163745
18 0.13 1707.54 0.24165587
19 0.09 1707.63 0.24166858
20 0.02 1707.65 0.24167141
21 0 1707.65 0.24167141
