0 1 1 0.000142
1 7.67 8.67 0.00122704
2 18.93 27.6 0.00390606
3 54.59 82.19 0.01163172
4 129.39 211.58 0.02994341
5 264.43 476.01 0.06736628
6 376.35 852.36 0.12062837
7 371.38 1223.74 0.17318712
8 258.46 1482.2 0.20976505
9 150.28 1632.48 0.23103314
10 78.3 1710.78 0.24211432
11 38.52 1749.3 0.24756577
12 17.78 1767.08 0.2500821
13 7.66 1774.74 0.25116617
14 3.26 1778 0.25162752
15 1.41 1779.41 0.25182705
16 0.76 1780.17 0.2519346
17 0.3 1780.47 0.25197705
18 0.14 1780.61 0.25199683
19 0.05 1780.66 0.2520039
20 0.03 1780.69 0.25200815
21 0 1780.69 0.25200815
