0 1 1 0.000142
1 2.98 3.98 0.00056343
2 6.32 10.3 0.00145779
3 13.28 23.58 0.00333716
4 32.53 56.11 0.00794088
5 77.27 133.38 0.01887634
6 159.38 292.76 0.04143228
7 247.53 540.29 0.07646338
8 276.18 816.47 0.11554913
9 233.7 1050.17 0.14862299
10 164.87 1215.04 0.17195591
11 106.34 1321.38 0.18700544
12 61.6 1382.98 0.1957232
13 33.31 1416.29 0.2004373
14 16.4 1432.69 0.20275833
15 7.55 1440.24 0.20382678
16 3.29 1443.53 0.20429242
17 1.43 1444.96 0.20449479
18 0.57 1445.53 0.20457546
19 0.21 1445.74 0.20460516
20 0.09 1445.83 0.2046179
21 0.02 1445.85 0.20462073
22 0 1445.85 0.20462073
