0 1 1 0.000142
1 4.29 5.29 0.00074878
2 12.27 17.56 0.00248519
3 33.91 51.47 0.00728418
4 91.84 143.31 0.02028163
5 197.59 340.9 0.04824512
6 328.27 669.17 0.09470284
7 375.2 1044.37 0.14780214
8 302.2 1346.57 0.1905703
9 190.09 1536.66 0.21747244
10 102.25 1638.91 0.23194314
11 49.31 1688.22 0.2389216
12 22.36 1710.58 0.24208605
13 10.25 1720.83 0.24353662
14 4.5 1725.33 0.24417353
15 1.9 1727.23 0.24444238
16 0.85 1728.08 0.24456269
17 0.32 1728.4 0.24460797
18 0.16 1728.56 0.24463059
19 0.04 1728.6 0.24463624
20 0 1728.6 0.24463624
