0 1 1 0.000142
1 4.84 5.84 0.00082662
2 14.27 20.11 0.00284606
3 40.95 61.06 0.00864136
4 103.64 164.7 0.02330884
5 217.76 382.46 0.05412679
6 338.44 720.9 0.1020238
7 368.83 1089.73 0.1542216
8 288.03 1377.76 0.19498446
9 181.07 1558.83 0.22061
10 98.95 1657.78 0.23461364
11 51.52 1709.3 0.24190493
12 25.25 1734.55 0.24547835
13 14.2 1748.75 0.24748801
14 8.65 1757.4 0.24871216
15 5.04 1762.44 0.24942546
16 2.25 1764.69 0.24974389
17 1.06 1765.75 0.24989391
18 0.54 1766.29 0.24997034
19 0.21 1766.5 0.25000005
20 0.09 1766.59 0.25001279
21 0.07 1766.66 0.25002269
22 0.02 1766.68 0.25002552
23 0.02 1766.7 0.25002835
24 0.02 1766.72 0.25003118
25 0 1766.72 0.25003118
