0 1 1 0.000142
1 3.41 4.41 0.00062425
2 6.07 10.48 0.00148323
3 16.32 26.8 0.00379279
4 44.27 71.07 0.01005805
5 101.68 172.75 0.02444804
6 205.93 378.68 0.05359188
7 303.92 682.6 0.09660348
8 327.15 1009.75 0.14290267
9 262.37 1272.12 0.180034
10 179.21 1451.33 0.2053963
11 106.59 1557.92 0.22048118
12 55.13 1613.05 0.22828335
13 26.52 1639.57 0.23203653
14 11.2 1650.77 0.23362164
15 4.72 1655.49 0.23428963
16 2.12 1657.61 0.23458969
17 0.99 1658.6 0.23472976
18 0.36 1658.96 0.23478071
19 0.16 1659.12 0.23480333
20 0.07 1659.19 0.23481324
21 0 1659.19 0.23481324
