0 1 1 0.000142
1 3.87 4.87 0.00068936
2 11.82 16.69 0.0023621
3 35.39 52.08 0.00737053
4 91.11 143.19 0.02026466
5 199.14 342.33 0.04844753
6 316.46 658.79 0.0932338
7 356.32 1015.11 0.14366122
8 300.79 1315.9 0.18622987
9 197.27 1513.17 0.21414803
10 106.73 1619.9 0.22925276
11 51.14 1671.04 0.23649028
12 22.76 1693.8 0.23971127
13 10.38 1704.18 0.24118029
14 4.57 1708.75 0.24182708
15 1.76 1710.51 0.24207619
16 0.8 1711.31 0.24218941
17 0.34 1711.65 0.24223752
18 0.28 1711.93 0.24227714
19 0.05 1711.98 0.24228421
20 0.03 1712.01 0.24228846
21 0 1712.01 0.24228846
