0 1 1 0.000142
1 4.21 5.21 0.00073745
2 11.68 16.89 0.00239035
3 32.37 49.26 0.00697139
4 84.79 134.05 0.01897114
5 186.24 320.29 0.0453284
6 306.86 627.15 0.088756
7 368.75 995.9 0.14094252
8 314.51 1310.41 0.18545287
9 208.83 1519.24 0.21500709
10 116.49 1635.73 0.2314931
11 59.56 1695.29 0.23992214
12 29.73 1725.02 0.24412969
13 13.97 1738.99 0.2461067
14 6.29 1745.28 0.24699688
15 2.63 1747.91 0.24736912
16 1.32 1749.23 0.24755589
17 0.45 1749.68 0.24761963
18 0.25 1749.93 0.24765497
19 0.1 1750.03 0.24766913
20 0.01 1750.04 0.24767054
21 0 1750.04 0.24767054
