0 1 1 0.000142
1 4.07 5.07 0.00071766
2 10.78 15.85 0.00224318
3 31.59 47.44 0.00671385
4 78.99 126.43 0.01789276
5 174.22 300.65 0.04254891
6 294 594.65 0.08415653
7 358.22 952.87 0.13485283
8 315.28 1268.15 0.17947215
9 217.9 1486.05 0.21030996
10 128.19 1614.24 0.22845176
11 69.31 1683.55 0.23826067
12 33.46 1717.01 0.24299601
13 15.62 1732.63 0.24520661
14 7.56 1740.19 0.24627661
15 3.08 1743.27 0.24671243
16 1.4 1744.67 0.24691055
17 0.46 1745.13 0.24697566
18 0.33 1745.46 0.24702236
19 0.13 1745.59 0.24704077
20 0.06 1745.65 0.24704926
21 0.03 1745.68 0.2470535
22 0 1745.68 0.2470535
