0 1 1 0.000142
1 3.94 4.94 0.00069929
2 9.78 14.72 0.00208327
3 27.01 41.73 0.0059058
4 68.61 110.34 0.01561562
5 159.36 269.7 0.03816868
6 285.88 555.58 0.07862723
7 357.6 913.18 0.12923575
8 316.21 1229.39 0.17398671
9 215.29 1444.68 0.20445516
10 124.86 1569.54 0.22212564
11 66.11 1635.65 0.23148169
12 30.46 1666.11 0.23579253
13 13.68 1679.79 0.23772858
14 6.03 1685.82 0.23858197
15 2.63 1688.45 0.23895415
16 1 1689.45 0.23909571
17 0.36 1689.81 0.23914668
18 0.2 1690.01 0.23917496
19 0.07 1690.08 0.23918488
20 0.05 1690.13 0.23919196
21 0.01 1690.14 0.23919338
22 0 1690.14 0.23919338
