0 1 1 0.000142
1 3.49 4.49 0.00063559
2 11.84 16.33 0.00231114
3 33.39 49.72 0.00703652
4 89.78 139.5 0.01974248
5 186.61 326.11 0.04615202
6 302.15 628.26 0.08891315
7 342.32 970.58 0.13735917
8 289.37 1259.95 0.17831164
9 194.43 1454.38 0.20582801
10 111.99 1566.37 0.22167708
11 64.96 1631.33 0.23087039
12 34.86 1666.19 0.23580387
13 18.23 1684.42 0.23838386
14 8.71 1693.13 0.2396165
15 4.41 1697.54 0.24024064
16 1.88 1699.42 0.24050668
17 1.01 1700.43 0.24064962
18 0.3 1700.73 0.24069208
19 0.08 1700.81 0.24070339
20 0.03 1700.84 0.24070763
21 0 1700.84 0.24070763
