0 1 1 0.000142
1 3.62 4.62 0.00065397
2 11.52 16.14 0.00228417
3 31.95 48.09 0.0068058
4 82.01 130.1 0.01841212
5 181.62 311.72 0.04411547
6 302.45 614.17 0.08691901
7 356.83 971 0.1374186
8 304.83 1275.83 0.18055905
9 204.29 1480.12 0.20947071
10 114.78 1594.9 0.22571473
11 58.15 1653.05 0.23394423
12 30.78 1683.83 0.23830028
13 18.23 1702.06 0.24088026
14 12.68 1714.74 0.24267482
15 9.01 1723.75 0.24394992
16 5.04 1728.79 0.24466323
17 2.4 1731.19 0.24500288
18 1.31 1732.5 0.24518826
19 0.48 1732.98 0.24525621
20 0.17 1733.15 0.24528026
21 0.1 1733.25 0.24529441
22 0.04 1733.29 0.24530007
23 0.03 1733.32 0.24530432
24 0.01 1733.33 0.24530573
25 0 1733.33 0.24530573
