0 1 1 0.000142
1 3.25 4.25 0.00060158
2 10.61 14.86 0.00210309
3 27.16 42.02 0.00594681
4 72.85 114.87 0.01625677
5 162.22 277.09 0.03921456
6 281.01 558.1 0.07898387
7 342.94 901.04 0.12751772
8 299.81 1200.85 0.16994764
9 210.64 1411.49 0.19975799
10 126.5 1537.99 0.21766067
11 69.24 1607.23 0.22745966
12 36.75 1643.98 0.23266066
13 18.83 1662.81 0.2353255
14 9.24 1672.05 0.23663314
15 4.15 1676.2 0.23722049
16 2.11 1678.31 0.23751911
17 1.04 1679.35 0.23766626
18 0.47 1679.82 0.23773281
19 0.28 1680.1 0.23777241
20 0.03 1680.13 0.23777666
21 0 1680.13 0.23777666
