0 1 1 0.000142
1 3.91 4.91 0.00069502
2 13.78 18.69 0.00264506
3 39.13 57.82 0.00818284999999999
4 101.69 159.51 0.02257437
5 223.36 382.87 0.05418487
6 352.02 734.89 0.10400369
7 380.61 1115.5 0.15786867
8 288.11 1403.61 0.19864284
9 172.27 1575.88 0.22302295
10 87.21 1663.09 0.23536506
11 42.02 1705.11 0.24131189
12 18.63 1723.74 0.24394858
13 7.73 1731.47 0.24504245
14 3.91 1735.38 0.2455958
15 1.66 1737.04 0.24583074
16 0.65 1737.69 0.24592269
17 0.34 1738.03 0.24597082
18 0.19 1738.22 0.2459977
19 0.08 1738.3 0.24600902
20 0.02 1738.32 0.24601184
21 0.05 1738.37 0.24601892
22 0 1738.37 0.24601892
