0 1 1 0.000142
1 6.09 7.09 0.00100347
2 18.98 26.07 0.00368954
3 51.49 77.56 0.01097652
4 128.84 206.4 0.02921033
5 260.85 467.25 0.06612652
6 378.29 845.54 0.11966316
7 376.72 1222.26 0.17297763
8 272.39 1494.65 0.211527
9 155.08 1649.73 0.23347441
10 74.71 1724.44 0.24404754
11 33.98 1758.42 0.24885651
12 14.98 1773.4 0.25097649
13 6.48 1779.88 0.25189359
14 2.75 1782.63 0.25228274
15 1.39 1784.02 0.25247949
16 0.58 1784.6 0.25256157
17 0.3 1784.9 0.252604
18 0.14 1785.04 0.25262381
19 0.07 1785.11 0.25263372
20 0.03 1785.14 0.25263797
21 0.04 1785.18 0.25264362
