0 1 1 0.000142
1 4.82 5.82 0.000823739999999999
2 13.67 19.49 0.00275832
3 40.8 60.29 0.0085324
4 101.69 161.98 0.02292392
5 214.33 376.31 0.05325648
6 327.56 703.87 0.09961365
7 366.6 1070.47 0.15149591
8 293.11 1363.58 0.19297772
9 177.84 1541.42 0.21814604
10 93.54 1634.96 0.23138413
11 42.88 1677.84 0.23745258
12 19.71 1697.55 0.24024205
13 8.48 1706.03 0.24144217
14 3.59 1709.62 0.24195021
15 1.65 1711.27 0.24218374
16 0.61 1711.88 0.24227007
17 0.33 1712.21 0.24231675
18 0.18 1712.39 0.24234223
19 0.04 1712.43 0.2423479
20 0 1712.43 0.2423479
