0 1 1 0.000142
1 8.04 9.04 0.00127942
2 16.92 25.96 0.00367396
3 50.38 76.34 0.01080386
4 120.76 197.1 0.02789417
5 244.13 441.23 0.06244409
6 368.71 809.94 0.11462503
7 379.05 1188.99 0.16826916
8 280.96 1469.95 0.20803146
9 161 1630.95 0.23081659
10 80.86 1711.81 0.2422601
11 37.56 1749.37 0.24757571
12 17.44 1766.81 0.25004387
13 7.05 1773.86 0.25104163
14 2.99 1776.85 0.25146475
15 1.24 1778.09 0.25164027
16 0.67 1778.76 0.25173509
17 0.34 1779.1 0.25178323
18 0.06 1779.16 0.25179172
19 0.03 1779.19 0.25179597
20 0.01 1779.2 0.25179739
21 0.01 1779.21 0.2517988
22 0.01 1779.22 0.25180022
