0 1 1 0.000142
1 4.61 5.61 0.00079408
2 14.32 19.93 0.00282056
3 38.93 58.86 0.00833005
4 97.25 156.11 0.02209318
5 205.03 361.14 0.05110956
6 325.23 686.37 0.09713698
7 360.77 1047.14 0.14819412
8 289.85 1336.99 0.18921456
9 180 1516.99 0.21468862
10 96.1 1613.09 0.22828897
11 48.39 1661.48 0.23513731
12 22.66 1684.14 0.23834418
13 10.3 1694.44 0.2398019
14 4.28 1698.72 0.24040757
15 1.96 1700.68 0.24068496
16 0.74 1701.42 0.24078971
17 0.34 1701.76 0.24083783
18 0.1 1701.86 0.24085197
19 0.08 1701.94 0.24086329
20 0.04 1701.98 0.24086895
21 0.01 1701.99 0.24087037
22 0.02 1702.01 0.2408732
23 0.01 1702.02 0.24087461
