0 1 1 0.000142
1 3.85 4.85 0.00068653
2 13.21 18.06 0.00255587
3 37.79 55.85 0.00790405
4 95.33 151.18 0.02139537
5 208.11 359.29 0.05084773
6 328.76 688.05 0.09737476
7 360.02 1048.07 0.14832584
8 281.08 1329.15 0.18810504
9 178.95 1508.1 0.21343049
10 102.14 1610.24 0.22788568
11 52.27 1662.51 0.235283
12 25.91 1688.42 0.23894989
13 12.12 1700.54 0.24066511
14 5.85 1706.39 0.24149303
15 2.37 1708.76 0.2418285
16 0.86 1709.62 0.2419502
17 0.32 1709.94 0.24199548
18 0.14 1710.08 0.24201529
19 0.03 1710.11 0.24201954
20 0.01 1710.12 0.24202095
