0 1 1 0.000142
1 7.38 8.38 0.00118601
2 15.29 23.67 0.00334987
3 45.73 69.4 0.0098217
4 111.47 180.87 0.02559724
5 234.31 415.18 0.05875744
6 358.91 774.09 0.10955137
7 382.7 1156.79 0.16371214
8 290.77 1447.56 0.20486274
9 170.2 1617.76 0.22894991
10 89.4 1707.16 0.24160203
11 40.81 1747.97 0.24737755
12 18.84 1766.81 0.25004391
13 8.36 1775.17 0.25122699
14 4.14 1779.31 0.25181293
15 1.94 1781.25 0.25208746
16 0.92 1782.17 0.25221767
17 0.47 1782.64 0.25228419
18 0.23 1782.87 0.25231674
19 0.13 1783 0.25233514
20 0.08 1783.08 0.25234645
21 0 1783.08 0.25234645
