0 1 1 0.000142
1 7.27 8.27 0.00117046
2 19.55 27.82 0.00393722
3 54.29 82.11 0.01162045
4 135.28 217.39 0.03076562
5 265.74 483.13 0.06837385
6 374.31 857.44 0.12134732
7 366.07 1223.51 0.1731546
8 260.34 1483.85 0.20999855
9 155.39 1639.24 0.23198979
10 81.58 1720.82 0.24353527
11 38.41 1759.23 0.24897111
12 17.17 1776.4 0.25140108
13 7.12 1783.52 0.25240874
14 3.22 1786.74 0.2528644
15 1.52 1788.26 0.25307947
16 0.67 1788.93 0.2531743
17 0.33 1789.26 0.25322101
18 0.15 1789.41 0.25324224
19 0.13 1789.54 0.25326062
20 0.08 1789.62 0.25327194
21 0.02 1789.64 0.25327477
22 0 1789.64 0.25327477
