0 1 1 0.000142
1 4.23 5.23 0.00074026
2 10.68 15.91 0.00225163
3 32.04 47.95 0.00678606
4 82.22 130.17 0.01842205
5 180.71 310.88 0.04399656
6 298.26 609.14 0.0862072
7 356.6 965.74 0.13667423
8 305 1270.74 0.17983865
9 200.61 1471.35 0.2082296
10 111.75 1583.1 0.2240447
11 55.97 1639.07 0.23196573
12 28.4 1667.47 0.23598496
13 14.08 1681.55 0.23797761
14 6.52 1688.07 0.23890035
15 2.95 1691.02 0.23931784
16 1.4 1692.42 0.239516
17 0.37 1692.79 0.23956833
18 0.16 1692.95 0.23959097
19 0.06 1693.01 0.23959946
20 0.03 1693.04 0.23960371
21 0.02 1693.06 0.23960654
22 0.03 1693.09 0.23961078
23 0.02 1693.11 0.23961361
24 0.01 1693.12 0.23961503
25 0 1693.12 0.23961503
