0 1 1 0.000142
1 4.13 5.13 0.00072615
2 9.57 14.7 0.00208037
3 28.24 42.94 0.00607701
4 71.98 114.92 0.01626381
5 163.61 278.53 0.03941834
6 287.02 565.55 0.08003827
7 366.15 931.7 0.13185684
8 328.21 1259.91 0.17830602
9 223.49 1483.4 0.20993489
10 123.16 1606.56 0.22736489
11 58.71 1665.27 0.23567366
12 26.01 1691.28 0.2393547
13 11.74 1703.02 0.24101614
14 4.76 1707.78 0.2416898
15 1.86 1709.64 0.241953
16 0.6 1710.24 0.24203796
17 0.21 1710.45 0.24206767
18 0.06 1710.51 0.24207617
19 0.05 1710.56 0.24208324
20 0 1710.56 0.24208324
