0 1 1 0.000142
1 3.13 4.13 0.00058464
2 9.89 14.02 0.00198419
3 26.44 40.46 0.00572605
4 70.16 110.62 0.01565526
5 157.84 268.46 0.03799321
6 263.77 532.23 0.07532267
7 332.05 864.28 0.12231534
8 309.73 1174.01 0.16614917
9 223.33 1397.34 0.19775544
10 134.17 1531.51 0.21674358
11 72.95 1604.46 0.22706768
12 37.15 1641.61 0.23232524
13 17.93 1659.54 0.23486273
14 8.42 1667.96 0.23605439
15 3.85 1671.81 0.23659922
16 1.73 1673.54 0.23684403
17 0.82 1674.36 0.23696007
18 0.23 1674.59 0.23699261
19 0.09 1674.68 0.23700536
20 0.04 1674.72 0.23701101
21 0 1674.72 0.23701101
