0 1 1 0.000142
1 3.69 4.69 0.00066388
2 10.02 14.71 0.00208182
3 27.79 42.5 0.00601471
4 71.01 113.51 0.01606431
5 156.39 269.9 0.03819703
6 271.76 541.66 0.07665724
7 335.26 876.92 0.12410422
8 304.55 1181.47 0.1672049
9 207.94 1389.41 0.19663319
10 114.5 1503.91 0.21283761
11 55.43 1559.34 0.22068213
12 25.99 1585.33 0.22436034
13 11.05 1596.38 0.22592417
14 4.96 1601.34 0.2266261
15 1.87 1603.21 0.22689078
16 0.78 1603.99 0.22700118
17 0.42 1604.41 0.22706062
18 0.15 1604.56 0.22708183
19 0.13 1604.69 0.22710024
20 0.04 1604.73 0.2271059
21 0.01 1604.74 0.22710731
22 0.04 1604.78 0.22711297
23 0.02 1604.8 0.2271158
24 0.02 1604.82 0.22711863
25 0.01 1604.83 0.22712005
