0 1 1 0.000142
1 4.08 5.08 0.00071909
2 10.23 15.31 0.00216669
3 29.49 44.8 0.00634026
4 80.66 125.46 0.01775547
5 176.91 302.37 0.04279224
6 304.2 606.57 0.08584347
7 361.89 968.46 0.13705917
8 307.73 1276.19 0.18060998
9 201.66 1477.85 0.20914949
10 105.99 1583.84 0.22414948
11 53.75 1637.59 0.23175628
12 26.06 1663.65 0.23544436
13 11.26 1674.91 0.23703793
14 4.75 1679.66 0.23771017
15 1.73 1681.39 0.23795504
16 0.94 1682.33 0.23808807
17 0.42 1682.75 0.23814754
18 0.1 1682.85 0.2381617
19 0.02 1682.87 0.23816452
20 0.02 1682.89 0.23816735
