0 1 1 0.000142
1 5.09 6.09 0.00086198
2 12.65 18.74 0.0026521
3 41.11 59.85 0.00847012
4 100.19 160.04 0.02264935
5 218.38 378.42 0.05355503
6 352.23 730.65 0.1034036
7 393.71 1124.36 0.1591226
8 309.15 1433.51 0.20287437
9 184.29 1617.8 0.22895556
10 92.1 1709.9 0.24198983
11 43.69 1753.59 0.24817294
12 18.41 1772 0.2507784
13 7.36 1779.36 0.25181991
14 3.57 1782.93 0.25232517
15 1.62 1784.55 0.25255443
16 0.67 1785.22 0.25264927
17 0.34 1785.56 0.2526974
18 0.1 1785.66 0.25271154
19 0.08 1785.74 0.25272286
20 0.01 1785.75 0.25272427
21 0 1785.75 0.25272427
