0 1 1 0.000142
1 3.73 4.73 0.00066951
2 9.96 14.69 0.00207898
3 23.64 38.33 0.00542463
4 61.36 99.69 0.01410844
5 134.01 233.7 0.0330739
6 234.17 467.87 0.06621428
7 297.97 765.84 0.10838382
8 286.44 1052.28 0.14892161
9 221.16 1273.44 0.18022075
10 143.6 1417.04 0.20054353
11 82.02 1499.06 0.21215113
12 41.23 1540.29 0.21798612
13 18.21 1558.5 0.22056328
14 8.21 1566.71 0.22172521
15 3.49 1570.2 0.22221915
16 1.59 1571.79 0.22244415
17 0.61 1572.4 0.2225305
18 0.32 1572.72 0.22257578
19 0.13 1572.85 0.22259417
20 0.02 1572.87 0.222597
21 0 1572.87 0.222597
