0 1 1 0.000142
1 3.16 4.16 0.00058889
2 6.63 10.79 0.00152705
3 15.61 26.4 0.00373624
4 39.95 66.35 0.00939006
5 94.73 161.08 0.02279652
6 191.45 352.53 0.04989105
7 282.25 634.78 0.08983588
8 302.1 936.88 0.13258986
9 243.23 1180.11 0.16701243
10 167.73 1347.84 0.19075011
11 105.15 1452.99 0.20563121
12 63.46 1516.45 0.21461222
13 39.26 1555.71 0.22016845
14 24.32 1580.03 0.22361028
15 14.82 1594.85 0.22570765
16 7.14 1601.99 0.22671811
17 3.8 1605.79 0.2272559
18 1.64 1607.43 0.22748803
19 0.67 1608.1 0.22758283
20 0.33 1608.43 0.22762954
21 0.14 1608.57 0.22764935
22 0.09 1608.66 0.22766209
23 0.03 1608.69 0.22766633
24 0 1608.69 0.22766633
