0 1 1 0.000142
1 5.87 6.87 0.00097233
2 14.95 21.82 0.00308803
3 41.66 63.48 0.00898388
4 108.15 171.63 0.02428955
5 225.62 397.25 0.0562199
6 355.36 752.61 0.10651143
7 380.83 1133.44 0.16040759
8 291.89 1425.33 0.20171664
9 174.09 1599.42 0.22635439
10 91.54 1690.96 0.23930937
11 45.33 1736.29 0.24572461
12 21.98 1758.27 0.24883525
13 12.59 1770.86 0.25061704
14 6.88 1777.74 0.25159073
15 3.53 1781.27 0.25209032
16 1.56 1782.83 0.25231108
17 0.72 1783.55 0.25241298
18 0.4 1783.95 0.25246958
19 0.16 1784.11 0.25249222
20 0.12 1784.23 0.2525092
21 0.07 1784.3 0.25251911
22 0.04 1784.34 0.25252477
23 0.02 1784.36 0.2525276
24 0 1784.36 0.2525276
