0 1 1 0.000142
1 3.69 4.69 0.00066389
2 8.09 12.78 0.00180866
3 20.97 33.75 0.00477644
4 53.96 87.71 0.012413
5 126.35 214.06 0.03029437
6 231.56 445.62 0.06306537
7 314.67 760.29 0.10759838
8 316.77 1077.06 0.15242852
9 248.46 1325.52 0.18759132
10 160.67 1486.19 0.21032978
11 91.12 1577.31 0.22322529
12 49.5 1626.81 0.23023069
13 25.81 1652.62 0.23388346
14 12.19 1664.81 0.23560859
15 5.3 1670.11 0.23635861
16 2.55 1672.66 0.23671954
17 1.05 1673.71 0.23686813
18 0.58 1674.29 0.23695021
19 0.21 1674.5 0.23697993
20 0.1 1674.6 0.2369941
21 0.04 1674.64 0.23699976
22 0.04 1674.68 0.23700541
23 0.02 1674.7 0.23700825
24 0 1674.7 0.23700825
25 0.01 1674.71 0.23700966
