0 1 1 0.000142
1 4.71 5.71 0.00080821
2 14.55 20.26 0.00286726
3 42.55 62.81 0.00888908
4 111.33 174.14 0.02464479
5 235.5 409.64 0.05797344
6 367.33 776.97 0.10995894
7 387.31 1164.28 0.16477215
8 290.36 1454.64 0.20586465
9 169.91 1624.55 0.22991082
10 85.65 1710.2 0.24203223
11 39.95 1750.15 0.24768601
12 16.79 1766.94 0.25006228
13 7.95 1774.89 0.25118732
14 3.09 1777.98 0.25162466
15 1.48 1779.46 0.25183407
16 0.38 1779.84 0.25188789
17 0.29 1780.13 0.25192893
18 0.04 1780.17 0.2519346
19 0.03 1780.2 0.25193884
20 0.01 1780.21 0.25194026
21 0.01 1780.22 0.25194168
22 0 1780.22 0.25194168
