0 1 1 0.000142
1 8.42 9.42 0.0013332
2 22.84 32.26 0.00456554
3 64.34 96.6 0.01367117
4 153.76 250.36 0.03543169
5 295.98 546.34 0.07731956
6 396.34 942.68 0.13341068
7 359.99 1302.67 0.18435752
8 239.92 1542.59 0.21831166
9 130.91 1673.5 0.23683838
10 61.77 1735.27 0.24558023
11 26.73 1762 0.24936317
12 12.16 1774.16 0.25108408
13 5.29 1779.45 0.25183269
14 2.29 1781.74 0.25215675
15 1.21 1782.95 0.25232798
16 0.52 1783.47 0.25240161
17 0.16 1783.63 0.25242426
18 0.14 1783.77 0.25244407
19 0.03 1783.8 0.25244832
20 0.02 1783.82 0.25245115
21 0.01 1783.83 0.25245256
22 0.01 1783.84 0.25245398
23 0.01 1783.85 0.2524554
