0 1 1 0.000142
1 4.29 5.29 0.00074879
2 9.02 14.31 0.00202526
3 25.49 39.8 0.00563262
4 62.6 102.4 0.01449196
5 142.68 245.08 0.03468448
6 252.83 497.91 0.0704656
7 329.39 827.3 0.1170818
8 315.9 1143.2 0.16178888
9 238.31 1381.51 0.19551511
10 150.04 1531.55 0.21674926
11 78.82 1610.37 0.22790404
12 37.45 1647.82 0.23320411
13 17.49 1665.31 0.2356794
14 7.9 1673.21 0.23679732
15 3.87 1677.08 0.23734503
16 1.82 1678.9 0.23760263
17 0.72 1679.62 0.23770451
18 0.33 1679.95 0.23775122
19 0.13 1680.08 0.2377696
20 0.06 1680.14 0.23777811
21 0.03 1680.17 0.23778235
22 0.02 1680.19 0.23778518
23 0.02 1680.21 0.23778801
24 0.01 1680.22 0.23778943
