0 1 1 0.000142
1 10.52 11.52 0.00163034
2 24.84 36.36 0.00514579
3 71.47 107.83 0.01526045
4 172.21 280.04 0.03963207
5 321.92 601.96 0.08519105
6 410.74 1012.7 0.14332005
7 342.08 1354.78 0.19173228
8 214.58 1569.36 0.22210026
9 115.01 1684.37 0.23837675
10 54.98 1739.35 0.24615763
11 24.96 1764.31 0.24969004
12 11.2 1775.51 0.25127517
13 4.66 1780.17 0.25193466
14 2.06 1782.23 0.25222618
15 0.95 1783.18 0.25236066
16 0.4 1783.58 0.25241725
17 0.2 1783.78 0.25244555
18 0.09 1783.87 0.25245829
19 0 1783.87 0.25245829
20 0.01 1783.88 0.2524597
