0 1 1 0.000142
1 3.02 4.02 0.000569029999999999
2 5.03 9.05 0.00128088
3 13.45 22.5 0.00318431
4 35.05 57.55 0.00814468
5 87.82 145.37 0.02057318
6 180.38 325.75 0.04610111
7 272.97 598.72 0.08473257
8 301.7 900.42 0.12742996
9 244.56 1144.98 0.16204079
10 165.6 1310.58 0.18547695
11 100.87 1411.45 0.19975238
12 53.39 1464.84 0.20730826
13 26.81 1491.65 0.21110252
14 11.99 1503.64 0.21279934
15 5.74 1509.38 0.21361167
16 2.35 1511.73 0.21394425
17 1.19 1512.92 0.21411267
18 0.44 1513.36 0.21417492
19 0.22 1513.58 0.21420604
20 0.09 1513.67 0.21421877
21 0.01 1513.68 0.21422019
22 0 1513.68 0.21422019
