0 1 1 0.000142
1 8.28 9.28 0.00131334
2 24.62 33.9 0.0047977
3 70.07 103.97 0.01471415
4 170.69 274.66 0.03887066
5 311.85 586.51 0.08300448
6 405.9 992.41 0.1404486
7 351.15 1343.56 0.19014436
8 222.04 1565.6 0.22156807
9 116.17 1681.77 0.23800874
10 54.83 1736.6 0.24576848
11 24.86 1761.46 0.24928672
12 11.21 1772.67 0.25087324
13 5 1777.67 0.2515808
14 2.19 1779.86 0.25189077
15 1.02 1780.88 0.25203517
16 0.43 1781.31 0.25209604
17 0.27 1781.58 0.25213423
18 0.14 1781.72 0.25215404
19 0.07 1781.79 0.25216394
20 0.04 1781.83 0.25216961
21 0.03 1781.86 0.25217385
22 0.02 1781.88 0.25217668
