0 1 1 0.000142
1 5.13 6.13 0.00086763
2 15.92 22.05 0.00312056
3 46.93 68.98 0.00976226
4 122.55 191.53 0.02710581
5 253.03 444.56 0.06291539
6 374.3 818.86 0.11588737
7 369.7 1188.56 0.16820839
8 261.55 1450.11 0.2052236
9 150.37 1600.48 0.22650443
10 78.55 1679.03 0.23762101
11 37.79 1716.82 0.24296916
12 17.76 1734.58 0.24548259
13 8.08 1742.66 0.24662608
14 3.5 1746.16 0.24712142
15 1.54 1747.7 0.2473394
16 0.67 1748.37 0.24743417
17 0.39 1748.76 0.24748936
18 0.17 1748.93 0.2475134
19 0.12 1749.05 0.2475304
20 0.04 1749.09 0.24753607
21 0.01 1749.1 0.24753749
22 0.02 1749.12 0.24754032
