0 1 1 0.000142
1 2.96 3.96 0.00056058
2 7.53 11.49 0.00162614
3 21.44 32.93 0.00466044
4 55.23 88.16 0.01247669
5 125.24 213.4 0.03020102
6 227.34 440.74 0.0623748
7 307.61 748.35 0.10590861
8 289.3 1037.65 0.14685113
9 205.23 1242.88 0.17589589
10 123.04 1365.92 0.19330886
11 66.78 1432.7 0.20275971
12 35.06 1467.76 0.20772155
13 17.7 1485.46 0.21022652
14 9.44 1494.9 0.21156242
15 4.17 1499.07 0.2121526
16 1.85 1500.92 0.21241439
17 0.81 1501.73 0.21252904
18 0.35 1502.08 0.21257858
19 0.18 1502.26 0.21260406
20 0.12 1502.38 0.21262104
21 0.06 1502.44 0.21262952
22 0.05 1502.49 0.2126366
23 0.01 1502.5 0.21263802
24 0.02 1502.52 0.21264085
25 0.02 1502.54 0.21264368
26 0 1502.54 0.21264368
