0 1 1 0.000142
1 7.61 8.61 0.00121858
2 19.54 28.15 0.00398388
3 58.21 86.36 0.0122219
4 144.28 230.64 0.03264081
5 277.06 507.7 0.07185118
6 387.58 895.28 0.12670251
7 366.03 1261.31 0.17850407
8 252.84 1514.15 0.21428668
9 140.28 1654.43 0.23413954
10 70.57 1725 0.2441268
11 30.97 1755.97 0.24850972
12 14.1 1770.07 0.25050523
13 5.94 1776.01 0.25134588
14 2.52 1778.53 0.25170249
15 1.27 1779.8 0.25188219
16 0.65 1780.45 0.25197421
17 0.25 1780.7 0.25200962
18 0.11 1780.81 0.25202518
19 0.04 1780.85 0.25203085
20 0.02 1780.87 0.25203368
