0 1 1 0.000142
1 3.32 4.32 0.00061155
2 9.44 13.76 0.0019474
3 26.78 40.54 0.0057374
4 71.26 111.8 0.01582225
5 161.89 273.69 0.03873336
6 278.5 552.19 0.07814742
7 346.51 898.7 0.12718653
8 315.53 1214.23 0.17184121
9 217.89 1432.12 0.2026776
10 128.04 1560.16 0.22079822
11 65.25 1625.41 0.23003256
12 31.38 1656.79 0.23447355
13 14.14 1670.93 0.23647467
14 6.38 1677.31 0.23737764
15 3.06 1680.37 0.23781063
16 1.5 1681.87 0.23802291
17 0.71 1682.58 0.23812339
18 0.25 1682.83 0.23815878
19 0.15 1682.98 0.23818
20 0.08 1683.06 0.23819133
21 0 1683.06 0.23819133
