0 1 1 0.000142
1 3.41 4.41 0.00062426
2 10.66 15.07 0.00213273
3 32.45 47.52 0.00672519
4 82.75 130.27 0.01843616
5 188.37 318.64 0.04509484
6 322.69 641.33 0.0907628
7 380.26 1021.59 0.14457827
8 308.57 1330.16 0.18824802
9 188.28 1518.44 0.21489386
10 97.64 1616.08 0.22871218
11 47.44 1663.52 0.23542595
12 24.33 1687.85 0.23886931
13 13.5 1701.35 0.24077977
14 7.22 1708.57 0.24180154
15 3.62 1712.19 0.24231385
16 1.6 1713.79 0.2425403
17 0.81 1714.6 0.24265494
18 0.39 1714.99 0.24271013
19 0.22 1715.21 0.24274125
20 0.03 1715.24 0.2427455
21 0 1715.24 0.2427455
