0 1 1 0.000142
1 8.02 9.02 0.0012766
2 21.85 30.87 0.00436882
3 61.83 92.7 0.0131192
4 151.66 244.36 0.03458254
5 291.23 535.59 0.07579817
6 388.88 924.47 0.13083355
7 357.18 1281.65 0.18138266
8 237.16 1518.81 0.21494621
9 132.5 1651.31 0.23369804
10 66.09 1717.4 0.24305123
11 30.29 1747.69 0.24733801
12 13.42 1761.11 0.24923724
13 6.03 1767.14 0.25009061
14 2.44 1769.58 0.25043587
15 0.97 1770.55 0.25057315
16 0.51 1771.06 0.2506453
17 0.24 1771.3 0.25067929
18 0.15 1771.45 0.25070051
19 0.04 1771.49 0.25070618
20 0 1771.49 0.25070618
21 0.01 1771.5 0.25070759
