0 1 1 0.000142
1 3.94 4.94 0.00069926
2 12.37 17.31 0.00244975
3 33.14 50.45 0.00713978
4 87.2 137.65 0.01948067
5 189.25 326.9 0.0462638
6 309.04 635.94 0.09000002
7 345.57 981.51 0.13890599
8 276.28 1257.79 0.17800595
9 178.21 1436 0.20322667
10 106.02 1542.02 0.21823092
11 57.1 1599.12 0.22631195
12 31.43 1630.55 0.23075998
13 16.37 1646.92 0.2330767
14 7.79 1654.71 0.23417918
15 3.62 1658.33 0.23469149
16 1.29 1659.62 0.23487405
17 0.71 1660.33 0.23497455
18 0.26 1660.59 0.23501135
19 0.09 1660.68 0.23502409
20 0.05 1660.73 0.23503117
21 0 1660.73 0.23503117
