0 1 1 0.000142
1 4.23 5.23 0.00074029
2 13.77 19 0.00268892
3 39.94 58.94 0.00834135
4 102.47 161.41 0.02284326
5 219.58 380.99 0.05391877
6 336.74 717.73 0.10157515
7 363.61 1081.34 0.15303423
8 280.52 1361.86 0.19273422
9 173.91 1535.77 0.21734645
10 93.28 1629.05 0.23054767
11 45.94 1674.99 0.23704928
12 21.19 1696.18 0.24004809
13 8.9 1705.08 0.24130769
14 4.09 1709.17 0.24188648
15 1.45 1710.62 0.24209168
16 0.62 1711.24 0.24217943
17 0.28 1711.52 0.24221903
18 0.16 1711.68 0.24224168
19 0.05 1711.73 0.24224875
20 0.01 1711.74 0.24225016
21 0 1711.74 0.24225016
