0 1 1 0.000142
1 3.46 4.46 0.00063135
2 8.2 12.66 0.00179169
3 23.06 35.72 0.00505523
4 63.34 99.06 0.01401927
5 148.46 247.52 0.03502974
6 269.47 516.99 0.07316591
7 341.36 858.35 0.1214761
8 304.92 1163.27 0.16462925
9 208.42 1371.69 0.19412545
10 121.08 1492.77 0.21126097
11 62.65 1555.42 0.22012736
12 29.11 1584.53 0.22424708
13 12.36 1596.89 0.2259964
14 5.32 1602.21 0.22674927
15 2.24 1604.45 0.22706634
16 0.95 1605.4 0.22720077
17 0.37 1605.77 0.22725311
18 0.13 1605.9 0.2272715
19 0.07 1605.97 0.2272814
20 0.04 1606.01 0.22728706
21 0.08 1606.09 0.22729839
22 0.09 1606.18 0.22731113
23 0.07 1606.25 0.22732103
24 0.05 1606.3 0.22732811
25 0.03 1606.33 0.22733236
26 0.01 1606.34 0.22733377
27 0.01 1606.35 0.22733519
28 0 1606.35 0.22733519
