0 1 1 0.000142
1 2.51 3.51 0.00049691
2 7.88 11.39 0.00161199
3 24.03 35.42 0.00501279
4 66.47 101.89 0.01441985
5 146.83 248.72 0.03519958
6 248.88 497.6 0.07042182
7 303.12 800.72 0.11332018
8 269.82 1070.54 0.15150587
9 186.59 1257.13 0.17791258
10 105.91 1363.04 0.19290128
11 52 1415.04 0.2002605
12 22.22 1437.26 0.20340508
13 10.85 1448.11 0.20494065
14 4.65 1452.76 0.20559868
15 1.97 1454.73 0.20587753
16 0.84 1455.57 0.20599637
17 0.41 1455.98 0.20605442
18 0.17 1456.15 0.20607848
19 0.14 1456.29 0.20609828
20 0.05 1456.34 0.20610536
21 0.03 1456.37 0.20610961
22 0.01 1456.38 0.20611102
23 0 1456.38 0.20611102
