0 1 1 0.000142
1 4.19 5.19 0.00073461
2 9.15 14.34 0.00202945
3 25.55 39.89 0.0056454
4 64.36 104.25 0.01475377
5 143.4 247.65 0.03504811
6 252.09 499.74 0.0707246
7 323.25 822.99 0.11647184
8 310.69 1133.68 0.16044159
9 240.68 1374.36 0.19450332
10 152.8 1527.16 0.21612797
11 84.8 1611.96 0.22812913
12 41.99 1653.95 0.23407164
13 20.1 1674.05 0.23691626
14 9.32 1683.37 0.23823522
15 4.26 1687.63 0.23883807
16 1.83 1689.46 0.23909708
17 0.69 1690.15 0.23919474
18 0.37 1690.52 0.23924711
19 0.19 1690.71 0.23927399
20 0.15 1690.86 0.23929522
21 0.06 1690.92 0.23930372
22 0.01 1690.93 0.23930513
23 0 1690.93 0.23930513
