0 1 1 0.000142
1 3.68 4.68 0.00066249
2 11.84 16.52 0.00233797
3 30.16 46.68 0.00660632
4 76.89 123.57 0.01748803
5 166.93 290.5 0.0411124
6 280.35 570.85 0.08078827
7 341.16 912.01 0.12907022
8 306.21 1218.22 0.17240593
9 220.8 1439.02 0.20365414
10 134.66 1573.68 0.22271163
11 72.37 1646.05 0.23295357
12 38.16 1684.21 0.23835406
13 19.12 1703.33 0.24106
14 9.61 1712.94 0.24242007
15 4.49 1717.43 0.24305551
16 1.88 1719.31 0.24332157
17 0.7 1720.01 0.24342063
18 0.22 1720.23 0.24345178
19 0.1 1720.33 0.24346592
20 0.04 1720.37 0.24347157
21 0.02 1720.39 0.24347441
22 0.01 1720.4 0.24347582
23 0.01 1720.41 0.24347724
24 0.01 1720.42 0.24347865
