0 1 1 0.000142
1 2.8 3.8 0.00053791
2 8.4 12.2 0.00172663
3 23.77 35.97 0.00509063
4 59.87 95.84 0.01356357
5 136.67 232.51 0.03290556
6 241.5 474.01 0.06708328
7 311.54 785.55 0.11117329
8 289.69 1075.24 0.15217098
9 213.47 1288.71 0.18238191
10 133.66 1422.37 0.20129785
11 75.13 1497.5 0.21193042
12 40.48 1537.98 0.21765921
13 19.77 1557.75 0.22045722
14 9.47 1567.22 0.22179744
15 4.02 1571.24 0.22236635
16 1.91 1573.15 0.22263671
17 0.85 1574 0.22275696
18 0.32 1574.32 0.22280224
19 0.09 1574.41 0.22281498
20 0.08 1574.49 0.2228263
21 0.01 1574.5 0.22282771
22 0.02 1574.52 0.22283054
23 0.01 1574.53 0.22283196
