0 1 1 0.000142
1 3.77 4.77 0.0006752
2 11.88 16.65 0.0023564
3 33.78 50.43 0.00713701
4 88.85 139.28 0.01971129
5 190.6 329.88 0.04668558
6 311.45 641.33 0.09076286
7 363.97 1005.3 0.14227287
8 311.67 1316.97 0.18638123
9 211.32 1528.29 0.21628784
10 123.39 1651.68 0.23375036
11 65.32 1717 0.24299461
12 28.78 1745.78 0.24706761
13 13.73 1759.51 0.2490108
14 5.9 1765.41 0.24984573
15 2.55 1767.96 0.25020666
16 1.11 1769.07 0.25036375
17 0.48 1769.55 0.25043166
18 0.22 1769.77 0.25046279
19 0.12 1769.89 0.25047978
20 0.04 1769.93 0.25048544
21 0.05 1769.98 0.25049251
22 0.01 1769.99 0.25049393
23 0 1769.99 0.25049393
