0 1 1 0.000142
1 2.84 3.84 0.00054357
2 7.41 11.25 0.0015922
3 23.55 34.8 0.00492505
4 64.43 99.23 0.0140434
5 145.27 244.5 0.03460238
6 249.24 493.74 0.06987547
7 317.47 811.21 0.11480471
8 298.33 1109.54 0.1570252
9 222.94 1332.48 0.18857624
10 146 1478.48 0.20923863
11 88.1 1566.58 0.2217068
12 48.46 1615.04 0.22856499
13 23.82 1638.86 0.23193602
14 11.47 1650.33 0.23355937
15 4.98 1655.31 0.23426412
16 2.2 1657.51 0.23457545
17 0.99 1658.5 0.23471561
18 0.54 1659.04 0.23479203
19 0.24 1659.28 0.234826
20 0.08 1659.36 0.23483732
21 0.02 1659.38 0.23484015
22 0 1659.38 0.23484015
