0 1 1 0.000142
1 6.41 7.41 0.00104881
2 16.71 24.12 0.00341356
3 51.17 75.29 0.01065524
4 121.78 197.07 0.02788996
5 247.34 444.41 0.06289415
6 363.75 808.16 0.11437307
7 369.09 1177.25 0.16660771
8 273.3 1450.55 0.20528586
9 159.64 1610.19 0.22787857
10 81.02 1691.21 0.23934474
11 40.87 1732.08 0.24512882
12 20.13 1752.21 0.24797765
13 9.81 1762.02 0.249366
14 4.16 1766.18 0.24995471
15 1.79 1767.97 0.25020802
16 1.04 1769.01 0.25035523
17 0.33 1769.34 0.25040192
18 0.16 1769.5 0.25042456
19 0.07 1769.57 0.25043448
20 0.03 1769.6 0.25043872
21 0.05 1769.65 0.25044579
22 0 1769.65 0.25044579
