0 1 1 0.000142
1 3.1 4.1 0.0005804
2 10.6 14.7 0.00208044
3 29.97 44.67 0.00632185
4 76.26 120.93 0.01711439
5 172.45 293.38 0.04151992
6 295.04 588.42 0.08327488
7 363.87 952.29 0.13477081
8 314.21 1266.5 0.1792386
9 205.34 1471.84 0.20829891
10 111.97 1583.81 0.22414517
11 52.25 1636.06 0.23153977
12 24.09 1660.15 0.23494908
13 10.4 1670.55 0.2364209
14 4.62 1675.17 0.23707475
15 2.03 1677.2 0.23736206
16 0.8 1678 0.23747525
17 0.4 1678.4 0.23753185
18 0.21 1678.61 0.23756158
19 0.04 1678.65 0.23756723
20 0.04 1678.69 0.2375729
21 0 1678.69 0.2375729
22 0.01 1678.7 0.23757431
