0 1 1 0.000142
1 3.03 4.03 0.00057051
2 10.32 14.35 0.0020309
3 28 42.35 0.00599358
4 74.4 116.75 0.01652282
5 159.49 276.24 0.03909429
6 254.84 531.08 0.07515992
7 300.38 831.46 0.11767057
8 262.33 1093.79 0.15479616
9 184.01 1277.8 0.1808378
10 113.77 1391.57 0.19693893
11 64.4 1455.97 0.20605298
12 35.63 1491.6 0.21109545
13 19.44 1511.04 0.21384662
14 9.37 1520.41 0.21517272
15 4.25 1524.66 0.21577421
16 1.98 1526.64 0.21605441
17 1.13 1527.77 0.21621435
18 0.35 1528.12 0.21626388
19 0.22 1528.34 0.21629499
20 0.14 1528.48 0.21631481
21 0.05 1528.53 0.21632188
22 0.02 1528.55 0.21632471
