0 1 1 0.000142
1 3.97 4.97 0.0007035
2 10.08 15.05 0.00212996
3 26.73 41.78 0.00591286
4 68.52 110.3 0.01560997
5 154.24 264.54 0.0374385
6 269.5 534.04 0.07557885
7 339.83 873.87 0.12367255
8 306.05 1179.92 0.16698559
9 214.1 1394.02 0.19728562
10 129.38 1523.4 0.21559582
11 70.23 1593.63 0.22553497
12 36.78 1630.41 0.23074019
13 17.58 1647.99 0.23322814
14 8.27 1656.26 0.23439856
15 3.75 1660.01 0.23492926
16 1.52 1661.53 0.23514435
17 0.71 1662.24 0.23524483
18 0.29 1662.53 0.23528588
19 0.07 1662.6 0.2352958
20 0.07 1662.67 0.23530569
21 0.03 1662.7 0.23530994
22 0 1662.7 0.23530994
