0 1 1 0.000142
1 7.85 8.85 0.00125255
2 19.35 28.2 0.00399097
3 57.44 85.64 0.01212005
4 138.56 224.2 0.03172944
5 266.8 491 0.06948768
6 369.71 860.71 0.12181008
7 359.67 1220.38 0.17271164
8 255.92 1476.3 0.20893009
9 151.46 1627.76 0.23036516
10 76.23 1703.99 0.24115341
11 36.95 1740.94 0.24638272
12 16.69 1757.63 0.24874468
13 7.19 1764.82 0.24976221
14 3.43 1768.25 0.25024766
15 1.65 1769.9 0.25048118
16 0.56 1770.46 0.2505604
17 0.39 1770.85 0.25061562
18 0.18 1771.03 0.25064109
19 0.13 1771.16 0.25065949
20 0.07 1771.23 0.25066939
21 0 1771.23 0.25066939
