0 1 1 0.000142
1 3.29 4.29 0.00060726
2 10.89 15.18 0.00214835
3 30.55 45.73 0.00647183
4 80.96 126.69 0.01792951
5 179.21 305.9 0.04329186
6 297.92 603.82 0.08545425
7 353 956.82 0.13541185
8 301.07 1257.89 0.17802012
9 196.9 1454.79 0.20588593
10 109.14 1563.93 0.22133177
11 54.72 1618.65 0.22907587
12 26.49 1645.14 0.23282482
13 12.05 1657.19 0.2345302
14 5.49 1662.68 0.23530715
15 2.06 1664.74 0.23559866
16 0.88 1665.62 0.23572317
17 0.42 1666.04 0.23578262
18 0.12 1666.16 0.23579962
19 0.04 1666.2 0.23580528
20 0.03 1666.23 0.23580952
21 0.02 1666.25 0.23581235
22 0.01 1666.26 0.23581377
23 0 1666.26 0.23581377
