0 1 1 0.000142
1 4.13 5.13 0.0007262
2 8.64 13.77 0.00194878
3 23.32 37.09 0.00524908
4 58.57 95.66 0.01353807
5 136.51 232.17 0.03285736
6 246.29 478.46 0.06771299
7 324.41 802.87 0.1136244
8 312.88 1115.75 0.15790405
9 232.67 1348.42 0.19083215
10 146.06 1494.48 0.21150303
11 84.65 1579.13 0.2234829
12 44.66 1623.79 0.2298033
13 24.06 1647.85 0.23320837
14 14.12 1661.97 0.23520664
15 7.83 1669.8 0.23631477
16 3.36 1673.16 0.23679026
17 1.22 1674.38 0.23696295
18 0.63 1675.01 0.2370521
19 0.19 1675.2 0.23707898
20 0.13 1675.33 0.23709738
21 0.07 1675.4 0.23710728
22 0.01 1675.41 0.2371087
23 0 1675.41 0.2371087
24 0.01 1675.42 0.23711012
