0 1 1 0.000142
1 6.21 7.21 0.00102046
2 16.66 23.87 0.00337816
3 46.45 70.32 0.00995188
4 116.37 186.69 0.02642089
5 241.85 428.54 0.0606482
6 364 792.54 0.11216246
7 384.57 1177.11 0.16658789
8 286.47 1463.58 0.20712986
9 169.87 1633.45 0.23117041
10 84.51 1717.96 0.24313052
11 38.01 1755.97 0.24850976
12 16.77 1772.74 0.25088308
13 7.1 1779.84 0.25188791
14 3.01 1782.85 0.25231386
15 1.36 1784.21 0.25250636
16 0.62 1784.83 0.2525941
17 0.36 1785.19 0.25264505
18 0.18 1785.37 0.25267052
19 0.07 1785.44 0.25268042
20 0.05 1785.49 0.2526875
21 0.02 1785.51 0.25269033
22 0.02 1785.53 0.25269315
23 0 1785.53 0.25269315
