0 1 1 0.000142
1 4.23 5.23 0.00074032
2 12.59 17.82 0.00252193
3 31.65 49.47 0.00700118
4 82.71 132.18 0.01870649
5 183.73 315.91 0.04470846
6 301.63 617.54 0.08739597
7 354.32 971.86 0.13754043
8 299.84 1271.7 0.17997455
9 207.37 1479.07 0.20932209
10 118.37 1597.44 0.22607418
11 61.02 1658.46 0.23470988
12 26.58 1685.04 0.23847158
13 11.57 1696.61 0.24010896
14 5.3 1701.91 0.24085904
15 2.36 1704.27 0.24119308
16 0.99 1705.26 0.24133316
17 0.46 1705.72 0.24139822
18 0.22 1705.94 0.24142938
19 0.05 1705.99 0.24143646
20 0.01 1706 0.24143788
21 0.01 1706.01 0.24143929
22 0 1706.01 0.24143929
