0 1 1 0.000142
1 4.65 5.65 0.00079973
2 16.31 21.96 0.00310783
3 47.6 69.56 0.00984438
4 121.71 191.27 0.02706908
5 241.89 433.16 0.06130203
6 357.77 790.93 0.11193463
7 360.26 1151.19 0.16291966
8 261.06 1412.25 0.1998656
9 154.55 1566.8 0.22173791
10 80.15 1646.95 0.23308094
11 36.91 1683.86 0.23830459
12 16.46 1700.32 0.24063399
13 7.36 1707.68 0.24167563
14 3.17 1710.85 0.24212427
15 1.33 1712.18 0.24231252
16 0.69 1712.87 0.24241017
17 0.26 1713.13 0.24244696
18 0.05 1713.18 0.24245403
19 0.02 1713.2 0.24245685
20 0.02 1713.22 0.24245969
21 0.02 1713.24 0.24246252
