0 1 1 0.000142
1 4.39 5.39 0.00076299
2 12.47 17.86 0.00252761
3 33.26 51.12 0.00723467
4 87.88 139 0.0196717
5 187.77 326.77 0.04624543
6 304.58 631.35 0.0893504399999999
7 342.66 974.01 0.13784466
8 276.68 1250.69 0.17700111
9 177.64 1428.33 0.20214127
10 102.81 1531.14 0.21669126
11 54.89 1586.03 0.22445943
12 27.4 1613.43 0.22833713
13 13.85 1627.28 0.23029725
14 6.75 1634.03 0.2312525
15 3.38 1637.41 0.23173086
16 1.75 1639.16 0.23197853
17 0.71 1639.87 0.23207901
18 0.27 1640.14 0.23211721
19 0.14 1640.28 0.23213701
20 0.06 1640.34 0.23214551
21 0.06 1640.4 0.23215399
22 0 1640.4 0.23215399
