0 1 1 0.000142
1 3.97 4.97 0.0007035
2 8.75 13.72 0.00194172
3 22.93 36.65 0.00518685
4 59.23 95.88 0.01356923
5 138.64 234.52 0.03318991
6 252.52 487.04 0.06892725
7 322.73 809.77 0.1146009
8 306.83 1116.6 0.15802441
9 228.39 1344.99 0.19034676
10 134.71 1479.7 0.2094113
11 75.06 1554.76 0.220034
12 37.77 1592.53 0.22537933
13 18.39 1610.92 0.22798187
14 7.69 1618.61 0.22907017
15 3.23 1621.84 0.22952734
16 1.49 1623.33 0.22973819
17 0.5 1623.83 0.22980894
18 0.2 1624.03 0.22983725
19 0.08 1624.11 0.22984857
20 0.03 1624.14 0.22985282
21 0.01 1624.15 0.22985424
