0 1 1 0.000142
1 3.53 4.53 0.00064122
2 10.96 15.49 0.00219227
3 31.74 47.23 0.00668416
4 80.94 128.17 0.01813898
5 176.04 304.21 0.04305269
6 296.49 600.7 0.08501275
7 347.39 948.09 0.13417638
8 295.99 1244.08 0.17606566
9 199.49 1443.57 0.20429807
10 117.09 1560.66 0.22086892
11 63.57 1624.23 0.22986557
12 34.91 1659.14 0.23480616
13 18.18 1677.32 0.23737897
14 8.47 1685.79 0.23857774
15 3.95 1689.74 0.23913673
16 1.73 1691.47 0.23938155
17 0.89 1692.36 0.23950753
18 0.29 1692.65 0.23954856
19 0.21 1692.86 0.23957827
20 0.11 1692.97 0.23959384
21 0.02 1692.99 0.23959667
22 0.03 1693.02 0.23960091
