0 1 1 0.000142
1 3.1 4.1 0.00058043
2 10.46 14.56 0.00206065
3 27.53 42.09 0.0059567
4 71.6 113.69 0.01608975
5 156.65 270.34 0.0382593
6 268.31 538.65 0.07623128
7 320.51 859.16 0.12159068
8 282.8 1141.96 0.16161344
9 194.85 1336.81 0.18918911
10 122.09 1458.9 0.20646763
11 70.37 1529.27 0.2164266
12 38.87 1568.14 0.22192763
13 21.06 1589.2 0.22490808
14 9.5 1598.7 0.22625255
15 4.04 1602.74 0.22682429
16 2.06 1604.8 0.2271158
17 0.91 1605.71 0.2272446
18 0.36 1606.07 0.22729554
19 0.08 1606.15 0.22730686
20 0.03 1606.18 0.22731111
21 0.01 1606.19 0.22731252
22 0.01 1606.2 0.22731394
23 0.01 1606.21 0.22731536
