0 1 1 0.000142
1 3.53 4.53 0.00064128
2 11.59 16.12 0.00228135
3 32.13 48.25 0.00682852
4 84.06 132.31 0.01872492
5 180.15 312.46 0.04422021
6 304.68 617.14 0.08733943
7 352.6 969.74 0.13724034
8 297.89 1267.63 0.17939851
9 194.92 1462.55 0.20698413
10 111.98 1574.53 0.22283186
11 59.43 1633.96 0.23124256
12 30.26 1664.22 0.23552502
13 14.51 1678.73 0.23757858
14 6.53 1685.26 0.23850269
15 2.86 1688.12 0.23890744
16 1.17 1689.29 0.23907304
17 0.57 1689.86 0.23915374
18 0.24 1690.1 0.2391877
19 0.05 1690.15 0.23919477
20 0 1690.15 0.23919477
