0 1 1 0.000142
1 6.37 7.37 0.00104309
2 11.54 18.91 0.00267617
3 28.1 47.01 0.00665295
4 66.76 113.77 0.01610109
5 147.07 260.84 0.03691481
6 264.14 524.98 0.07429666
7 341.85 866.83 0.12267623
8 329.2 1196.03 0.16926549
9 245.07 1441.1 0.20394852
10 148.84 1589.94 0.22501277
11 79.48 1669.42 0.23626099
12 40.74 1710.16 0.24202657
13 21.22 1731.38 0.2450297
14 10.13 1741.51 0.24646337
15 4.77 1746.28 0.24713838
16 2.11 1748.39 0.24743701
17 0.71 1749.1 0.24753752
18 0.29 1749.39 0.24757856
19 0.17 1749.56 0.24760262
20 0.1 1749.66 0.24761676
21 0.08 1749.74 0.24762808
22 0.03 1749.77 0.24763233
23 0.01 1749.78 0.24763375
24 0 1749.78 0.24763375
