0 1 1 0.000142
1 8.34 9.34 0.00132189
2 20.74 30.08 0.00425702
3 55.32 85.4 0.01208607
4 144.53 229.93 0.03254041
5 278.35 508.28 0.0719332499999999
6 387.9 896.18 0.1268299
7 356.84 1253.02 0.17733091
8 243.41 1496.43 0.21177894
9 139.55 1635.98 0.23152844
10 70.7 1706.68 0.24153413
11 33.38 1740.06 0.24625814
12 15.48 1755.54 0.24844894
13 6.75 1762.29 0.24940418
14 2.79 1765.08 0.24979902
15 1.19 1766.27 0.24996742
16 0.53 1766.8 0.25004244
17 0.28 1767.08 0.25008208
18 0.06 1767.14 0.25009057
19 0.01 1767.15 0.25009198
20 0 1767.15 0.25009198
