0 1 1 0.000142
1 3.73 4.73 0.00066958
2 11.28 16.01 0.00226575
3 34.68 50.69 0.00717378
4 91.51 142.2 0.02012456
5 205.25 347.45 0.04917214
6 330.25 677.7 0.09590999
7 372.77 1050.47 0.14866544
8 300.86 1351.33 0.19124396
9 189.2 1540.53 0.21802012
10 101.08 1641.61 0.23232529
11 48.62 1690.23 0.2392061
12 23.3 1713.53 0.24250351
13 10.18 1723.71 0.24394421
14 4.14 1727.85 0.24453014
15 2.02 1729.87 0.24481603
16 0.8 1730.67 0.24492923
17 0.47 1731.14 0.2449957
18 0.14 1731.28 0.24501553
19 0.04 1731.32 0.2450212
20 0.01 1731.33 0.24502262
