0 1 1 0.000142
1 3.97 4.97 0.00070351
2 7.75 12.72 0.00180022
3 19.97 32.69 0.00462639
4 51.33 84.02 0.0118908
5 116.61 200.63 0.02839371
6 223.38 424.01 0.0600071
7 326 750.01 0.10614345
8 335.89 1085.9 0.15367964
9 269.64 1355.54 0.19183976
10 176.41 1531.95 0.21680585
11 98.77 1630.72 0.23078399
12 48.55 1679.27 0.23765497
13 22.94 1702.21 0.24090151
14 10.79 1713 0.24242855
15 4.41 1717.41 0.24305265
16 1.87 1719.28 0.24331732
17 0.95 1720.23 0.24345177
18 0.35 1720.58 0.24350132
19 0.17 1720.75 0.24352538
20 0.1 1720.85 0.24353952
21 0.03 1720.88 0.24354376
22 0.03 1720.91 0.24354801
23 0.02 1720.93 0.24355084
