0 1 1 0.000142
1 3.7 4.7 0.00066533
2 8.31 13.01 0.00184126
3 22.87 35.88 0.00507787
4 57.03 92.91 0.01314892
5 132.66 225.57 0.03192334
6 245.36 470.93 0.06664731
7 325.22 796.15 0.11267336
8 313.38 1109.53 0.15702382
9 229.59 1339.12 0.18951605
10 145.63 1484.75 0.21012595
11 85.03 1569.78 0.22215969
12 45.76 1615.54 0.22863573
13 24.3 1639.84 0.23207473
14 12.12 1651.96 0.23378999
15 5.37 1657.33 0.23454997
16 2.33 1659.66 0.23487968
17 0.86 1660.52 0.2350014
18 0.47 1660.99 0.23506794
19 0.11 1661.1 0.2350835
20 0.07 1661.17 0.23509341
21 0.03 1661.2 0.23509766
22 0.02 1661.22 0.23510048
23 0.02 1661.24 0.23510331
24 0.01 1661.25 0.23510473
25 0 1661.25 0.23510473
