0 1 1 0.000142
1 3.32 4.32 0.00061152
2 10.92 15.24 0.00215687
3 28.67 43.91 0.00621429
4 74.81 118.72 0.01680163
5 167.61 286.33 0.04052225
6 288.21 574.54 0.08131056
7 350.2 924.74 0.13087178
8 299.56 1224.3 0.17326638
9 199.93 1424.23 0.20156094
10 112.28 1536.51 0.21745123
11 56.93 1593.44 0.22550809
12 26.87 1620.31 0.22931075
13 13.25 1633.56 0.23118597
14 5.75 1639.31 0.23199973
15 2.82 1642.13 0.23239884
16 1.32 1643.45 0.23258563
17 0.53 1643.98 0.23266065
18 0.24 1644.22 0.23269459
19 0.12 1644.34 0.23271157
20 0.03 1644.37 0.23271581
21 0.01 1644.38 0.23271723
22 0.01 1644.39 0.23271864
23 0 1644.39 0.23271864
