0 1 1 0.000142
1 2.88 3.88 0.00054925
2 4.98 8.86 0.00125398
3 13.87 22.73 0.00321687
4 34.71 57.44 0.00812914
5 86.16 143.6 0.02032274
6 173.42 317.02 0.04486562
7 265.71 582.73 0.08246957
8 295.43 878.16 0.1242797
9 255.1 1133.26 0.16038217
10 167.6 1300.86 0.18410139
11 96.98 1397.84 0.19782622
12 49.76 1447.6 0.20486839
13 25.39 1472.99 0.20846172
14 14.02 1487.01 0.21044584
15 8.39 1495.4 0.2116332
16 4.81 1500.21 0.21231392
17 2.44 1502.65 0.21265922
18 1.07 1503.72 0.21281065
19 0.43 1504.15 0.2128715
20 0.21 1504.36 0.21290124
21 0.1 1504.46 0.2129154
22 0.01 1504.47 0.21291681
23 0.01 1504.48 0.21291822
