0 1 1 0.000142
1 3.56 4.56 0.00064548
2 10.74 15.3 0.00216529
3 31.56 46.86 0.00663179
4 83.77 130.63 0.01848715
5 185.67 316.3 0.04476369
6 306.11 622.41 0.08808519
7 359.55 981.96 0.13896973
8 307.9 1289.86 0.1825446
9 207.04 1496.9 0.21184549
10 121.59 1618.49 0.22905321
11 62.08 1680.57 0.23783897
12 28.7 1709.27 0.24190066
13 12.64 1721.91 0.24368952
14 5.25 1727.16 0.24443251
15 2.51 1729.67 0.24478777
16 1.05 1730.72 0.24493633
17 0.4 1731.12 0.24499293
18 0.13 1731.25 0.24501135
19 0.02 1731.27 0.24501418
20 0.01 1731.28 0.24501559
