0 1 1 0.000142
1 4.94 5.94 0.00084076
2 10.85 16.79 0.00237614
3 28.97 45.76 0.00647612
4 73.25 119.01 0.01684263
5 163.47 282.48 0.03997738
6 281.81 564.29 0.07985987
7 353.66 917.95 0.12991084
8 321.73 1239.68 0.17544293
9 222.35 1462.03 0.20691054
10 126.99 1589.02 0.22488253
11 65.96 1654.98 0.23421741
12 30.64 1685.62 0.23855368
13 14.57 1700.19 0.24061563
14 6.85 1707.04 0.24158505
15 2.84 1709.88 0.24198696
16 1.21 1711.09 0.24215819
17 0.58 1711.67 0.24224029
18 0.22 1711.89 0.2422714
19 0.16 1712.05 0.24229406
20 0.04 1712.09 0.24229971
21 0 1712.09 0.24229971
22 0.01 1712.1 0.24230112
