0 1 1 0.000142
1 3.66 4.66 0.00065963
2 10.21 14.87 0.00210447
3 27.59 42.46 0.00600909
4 75.06 117.52 0.01663176
5 164.8 282.32 0.03995469
6 283.84 566.16 0.08012454
7 345.17 911.33 0.12897395
8 314.7 1226.03 0.1735112
9 216.77 1442.8 0.2041891
10 124.55 1567.35 0.22181577
11 63.67 1631.02 0.23082648
12 30.36 1661.38 0.23512313
13 13.11 1674.49 0.23697852
14 5.7 1680.19 0.23778518
15 2.82 1683.01 0.23818434
16 1.17 1684.18 0.23834991
17 0.57 1684.75 0.23843059
18 0.21 1684.96 0.2384603
19 0.05 1685.01 0.23846738
20 0.02 1685.03 0.23847021
21 0.04 1685.07 0.23847587
22 0.01 1685.08 0.23847728
23 0 1685.08 0.23847728
