0 1 1 0.000142
1 5.01 6.01 0.00085065
2 14.7 20.71 0.00293093
3 39.9 60.61 0.00857777
4 99.93 160.54 0.02272006
5 212.83 373.37 0.05284034
6 340.46 713.83 0.10102321
7 372.52 1086.35 0.15374328
8 286.79 1373.14 0.19433056
9 176.51 1549.65 0.21931083
10 90.97 1640.62 0.23218512
11 41.69 1682.31 0.23808527
12 18.84 1701.15 0.24075151
13 8.58 1709.73 0.24196583
14 3.66 1713.39 0.24248376
15 1.51 1714.9 0.24269744
16 0.45 1715.35 0.24276111
17 0.24 1715.59 0.24279508
18 0.03 1715.62 0.24279933
19 0.07 1715.69 0.24280923
20 0.01 1715.7 0.24281064
