0 1 1 0.000142
1 7.42 8.42 0.00119164
2 19.46 27.88 0.00394566
3 54.66 82.54 0.01168127
4 138.72 221.26 0.0313133
5 279.22 500.48 0.07082928
6 390.07 890.55 0.12603308
7 370.74 1261.29 0.17850127
8 252.31 1513.6 0.21420886
9 140.81 1654.41 0.23413672
10 68.86 1723.27 0.24388195
11 31.17 1754.44 0.2482932
12 15.02 1769.46 0.25041888
13 6.47 1775.93 0.25133456
14 2.78 1778.71 0.25172803
15 1.19 1779.9 0.25189643
16 0.52 1780.42 0.25197003
17 0.19 1780.61 0.25199691
18 0.13 1780.74 0.25201534
19 0.06 1780.8 0.25202382
20 0.04 1780.84 0.25202948
21 0.03 1780.87 0.25203372
22 0 1780.87 0.25203372
