0 1 1 0.000142
1 3.79 4.79 0.00067802
2 7.61 12.4 0.00175488
3 17.58 29.98 0.00424289
4 46.92 76.9 0.01088314
5 105.42 182.32 0.02580242
6 203.1 385.42 0.05454571
7 292.31 677.73 0.09591424
8 308.96 986.69 0.13963917
9 245.71 1232.4 0.17441269
10 161.61 1394.01 0.19728424
11 94.92 1488.93 0.21071752
12 50.97 1539.9 0.217931
13 24.96 1564.86 0.22146335
14 11.65 1576.51 0.2231121
15 5.09 1581.6 0.22383244
16 2.3 1583.9 0.22415794
17 1.06 1584.96 0.22430795
18 0.34 1585.3 0.22435605
19 0.2 1585.5 0.22438438
20 0.07 1585.57 0.22439427
21 0.01 1585.58 0.22439568
22 0.02 1585.6 0.22439851
