0 1 1 0.000142
1 3.07 4.07 0.00057615
2 10.93 15 0.00212293
3 31.85 46.85 0.00663034
4 84.31 131.16 0.0185622
5 178.68 309.84 0.04384947
6 288.54 598.38 0.08468441
7 330.91 929.29 0.13151576
8 283.59 1212.88 0.17165023
9 189.39 1402.27 0.19845321
10 105.54 1507.81 0.21338951
11 53.56 1561.37 0.22096944
12 23.91 1585.28 0.22435324
13 10.5 1595.78 0.22583927
14 4.43 1600.21 0.22646618
15 2.02 1602.23 0.22675206
16 0.78 1603.01 0.22686249
17 0.32 1603.33 0.22690773
18 0.18 1603.51 0.22693324
19 0.1 1603.61 0.22694739
20 0.03 1603.64 0.22695163
