0 1 1 0.000142
1 3.59 4.59 0.00064972
2 12.46 17.05 0.002413
3 34.11 51.16 0.00724038
4 90.63 141.79 0.02006653
5 195.01 336.8 0.04766487
6 307.66 644.46 0.09120573
7 349.41 993.87 0.1406553
8 285.54 1279.41 0.18106567
9 192.99 1472.4 0.20837812
10 112.22 1584.62 0.22425986
11 57.85 1642.47 0.23244691
12 28.15 1670.62 0.23643082
13 12.77 1683.39 0.23823801
14 5.82 1689.21 0.23906169
15 2.65 1691.86 0.23943667
16 1.15 1693.01 0.23959943
17 0.48 1693.49 0.2396674
18 0.24 1693.73 0.23970134
19 0.1 1693.83 0.23971548
20 0.03 1693.86 0.23971972
21 0.03 1693.89 0.23972398
