0 1 1 0.000142
1 3.76 4.76 0.000673759999999999
2 11.99 16.75 0.00237054
3 34.51 51.26 0.00725447
4 92.38 143.64 0.02032829
5 199.58 343.22 0.04857349
6 316.25 659.47 0.09333003
7 359.08 1018.55 0.14414804
8 291.21 1309.76 0.18536093
9 188.32 1498.08 0.21201251
10 103.81 1601.89 0.22670393
11 54.76 1656.65 0.23445374
12 27.4 1684.05 0.23833145
13 15.4 1699.45 0.24051087
14 7.77 1707.22 0.24161053
15 3.83 1711.05 0.24215255
16 1.87 1712.92 0.24241722
17 1.11 1714.03 0.24257429
18 0.5 1714.53 0.24264505
19 0.19 1714.72 0.24267194
20 0.06 1714.78 0.24268044
21 0.09 1714.87 0.24269317
22 0.02 1714.89 0.242696
23 0.02 1714.91 0.24269883
24 0.01 1714.92 0.24270025
25 0 1714.92 0.24270025
