0 1 1 0.000142
1 4.43 5.43 0.00076857
2 13.97 19.4 0.00274557
3 40.01 59.41 0.00840785
4 106.68 166.09 0.02350549
5 223.49 389.58 0.05513448
6 344.19 733.77 0.10384514
7 366.74 1100.51 0.15574722
8 282.73 1383.24 0.19575997
9 177.51 1560.75 0.2208817
10 96.87 1657.62 0.234591
11 49.69 1707.31 0.24162324
12 22.44 1729.75 0.24479905
13 10.67 1740.42 0.24630913
14 4.78 1745.2 0.24698559
15 2.04 1747.24 0.24727425
16 0.94 1748.18 0.2474073
17 0.29 1748.47 0.24744834
18 0.07 1748.54 0.24745823
19 0.06 1748.6 0.24746673
20 0.03 1748.63 0.24747097
21 0.02 1748.65 0.2474738
22 0.01 1748.66 0.24747521
23 0 1748.66 0.24747521
