0 1 1 0.000142
1 15.82 16.82 0.00238043
2 36.68 53.5 0.00757149
3 103.8 157.3 0.0222616
4 223.02 380.32 0.05382392
5 376.06 756.38 0.107045
6 407.09 1163.47 0.16465749
7 302.25 1465.72 0.2074328
8 166.98 1632.7 0.23106424
9 80.27 1712.97 0.24242428
10 37.94 1750.91 0.24779367
11 16.85 1767.76 0.25017828
12 7.53 1775.29 0.25124399
13 3.33 1778.62 0.25171524
14 1.33 1779.95 0.25190349
15 0.59 1780.54 0.25198699
16 0.21 1780.75 0.25201669
17 0.09 1780.84 0.25202941
18 0.02 1780.86 0.25203225
19 0.01 1780.87 0.25203366
20 0 1780.87 0.25203366
