0 1 1 0.000142
1 3.25 4.25 0.00060166
2 11.2 15.45 0.00218653
3 33.93 49.38 0.00698843
4 87.23 136.61 0.01933345
5 184.11 320.72 0.04538922
6 294.68 615.4 0.08709317
7 339.84 955.24 0.13518826
8 285.89 1241.13 0.17564821
9 189.27 1430.4 0.20243426
10 108.05 1538.45 0.21772575
11 56.6 1595.05 0.22573597
12 26.79 1621.84 0.22952732
13 12.63 1634.47 0.23131471
14 5.35 1639.82 0.23207189
15 2.47 1642.29 0.23242147
16 1.01 1643.3 0.23256438
17 0.44 1643.74 0.23262665
18 0.16 1643.9 0.23264929
19 0.06 1643.96 0.23265777
20 0.05 1644.01 0.23266484
21 0.05 1644.06 0.23267193
22 0 1644.06 0.23267193
