0 1 1 0.000142
1 5.99 6.99 0.00098937
2 14.56 21.55 0.00304983
3 46.34 67.89 0.009608
4 115.57 183.46 0.02596377
5 240.59 424.05 0.06001269
6 363.02 787.07 0.11138835
7 371.86 1158.93 0.16401503
8 273.58 1432.51 0.20273282
9 160.31 1592.82 0.22542032
10 78.65 1671.47 0.23655108
11 36.66 1708.13 0.24173933
12 16.56 1724.69 0.24408293
13 7.25 1731.94 0.24510893
14 2.89 1734.83 0.24551798
15 1.26 1736.09 0.24569631
16 0.45 1736.54 0.24576002
17 0.2 1736.74 0.24578832
18 0.07 1736.81 0.24579823
19 0.05 1736.86 0.24580531
20 0.02 1736.88 0.24580814
