0 1 1 0.000142
1 3.12 4.12 0.00058327
2 9.45 13.57 0.00192054
3 24.86 38.43 0.00543877
4 63.8 102.23 0.01446791
5 141.44 243.67 0.03448492
6 241.34 485.01 0.06864003
7 309.27 794.28 0.11240876
8 288.86 1083.14 0.15328904
9 217.62 1300.76 0.18408718
10 141.15 1441.91 0.20406318
11 82.52 1524.43 0.21574162
12 43.77 1568.2 0.22193608
13 21.97 1590.17 0.22504536
14 10.4 1600.57 0.22651715
15 4.76 1605.33 0.22719085
16 2.1 1607.43 0.22748804
17 0.88 1608.31 0.22761258
18 0.46 1608.77 0.22767771
19 0.18 1608.95 0.22770317
20 0.05 1609 0.22771025
21 0.03 1609.03 0.2277145
22 0 1609.03 0.2277145
