0 1 1 0.000142
1 4.05 5.05 0.00071478
2 14.07 19.12 0.00270595
3 38.16 57.28 0.00810648
4 97.88 155.16 0.02195869
5 211.41 366.57 0.051878
6 330.42 696.99 0.09863996
7 356.38 1053.37 0.14907581
8 285.86 1339.23 0.18953158
9 189.12 1528.35 0.21629635
10 106.64 1634.99 0.23138835
11 56.4 1691.39 0.23937025
12 25 1716.39 0.24290833
13 10.94 1727.33 0.24445662
14 4.75 1732.08 0.24512879
15 1.97 1734.05 0.24540761
16 0.92 1734.97 0.24553779
17 0.35 1735.32 0.24558731
18 0.11 1735.43 0.24560286
19 0.05 1735.48 0.24560995
20 0.03 1735.51 0.24561419
21 0.01 1735.52 0.24561561
22 0.01 1735.53 0.24561702
23 0 1735.53 0.24561702
