0 1 1 0.000142
1 6.07 7.07 0.00100065
2 17.14 24.21 0.0034263
3 46.85 71.06 0.0100566
4 116.89 187.95 0.02659925
5 234.79 422.74 0.05982729
6 347.76 770.5 0.10904327
7 360.98 1131.48 0.16013023
8 277.15 1408.63 0.19935325
9 172.77 1581.4 0.22380415
10 95.93 1677.33 0.23738043
11 48.2 1725.53 0.24420176
12 22.98 1748.51 0.24745404
13 10.63 1759.14 0.2489584
14 4.38 1763.52 0.24957824
15 2.05 1765.57 0.24986837
16 0.87 1766.44 0.2499915
17 0.42 1766.86 0.25005095
18 0.21 1767.07 0.25008065
19 0.04 1767.11 0.25008632
20 0 1767.11 0.25008632
