0 1 1 0.000142
1 3.81 4.81 0.00068085
2 10.81 15.62 0.00221065
3 31.68 47.3 0.00669408
4 83.3 130.6 0.01848289
5 182.05 312.65 0.04424707
6 305.99 618.64 0.0875517
7 355.16 973.8 0.13781489
8 299.47 1273.27 0.18019676
9 199.43 1472.7 0.20842064
10 110.66 1583.36 0.22408154
11 57.84 1641.2 0.23226717
12 28.19 1669.39 0.23625674
13 12.99 1682.38 0.23809513
14 5.86 1688.24 0.23892437
15 2.71 1690.95 0.23930795
16 1.04 1691.99 0.23945513
17 0.48 1692.47 0.23952308
18 0.24 1692.71 0.23955703
19 0.1 1692.81 0.23957118
20 0.05 1692.86 0.23957826
21 0 1692.86 0.23957826
