0 1 1 0.000142
1 3.1 4.1 0.00058041
2 10.54 14.64 0.00207195
3 28.13 42.77 0.00605298
4 73.92 116.69 0.01651433
5 163.74 280.43 0.03968724
6 273.86 554.29 0.0784447
7 334.07 888.36 0.12572319
8 292.08 1180.44 0.16705918
9 199.68 1380.12 0.19531849
10 114.44 1494.56 0.21151433
11 59.95 1554.51 0.21999865
12 28.77 1583.28 0.22407023
13 12.85 1596.13 0.22588882
14 6.14 1602.27 0.22675773
15 2.79 1605.06 0.2271526
16 1.18 1606.24 0.22731961
17 0.53 1606.77 0.22739458
18 0.25 1607.02 0.22742998
19 0.1 1607.12 0.22744413
20 0.05 1607.17 0.2274512
21 0.04 1607.21 0.22745686
22 0.02 1607.23 0.22745969
23 0.01 1607.24 0.22746111
24 0.04 1607.28 0.22746677
25 0.01 1607.29 0.22746818
26 0.01 1607.3 0.2274696
27 0 1607.3 0.2274696
