0 1 1 0.000142
1 10.84 11.84 0.00167564
2 26.22 38.06 0.00538631
3 73.42 111.48 0.01577696
4 175.72 287.2 0.04064529
5 319.85 607.05 0.08591136
6 404.57 1011.62 0.14316727
7 344.24 1355.86 0.19188508
8 214.48 1570.34 0.22223886
9 113.61 1683.95 0.23831731
10 56.97 1740.92 0.2463799
11 26.64 1767.56 0.25015009
12 11.24 1778.8 0.2517407
13 5.29 1784.09 0.25248932
14 2.4 1786.49 0.252829
15 1.05 1787.54 0.25297761
16 0.51 1788.05 0.2530498
17 0.16 1788.21 0.25307244
18 0.03 1788.24 0.25307668
19 0 1788.24 0.25307668
