0 1 1 0.000142
1 14.25 15.25 0.00215818
2 30.62 45.87 0.00649168
3 87.99 133.86 0.01894426
4 204.55 338.41 0.04789268
5 350.59 689 0.09750923
6 407.6 1096.6 0.1551939
7 319.12 1415.72 0.20035664
8 190.89 1606.61 0.22737189
9 97.25 1703.86 0.241135
10 43.53 1747.39 0.24729548
11 19.51 1766.9 0.25005658
12 8.49 1775.39 0.25125813
13 4 1779.39 0.2518242
14 1.9 1781.29 0.25209312
15 0.82 1782.11 0.25220916
16 0.53 1782.64 0.25228418
17 0.25 1782.89 0.25231956
18 0.1 1782.99 0.25233371
19 0.02 1783.01 0.25233654
20 0.01 1783.02 0.25233796
21 0 1783.02 0.25233796
