0 1 1 0.000142
1 2.88 3.88 0.00054927
2 7.14 11.02 0.00155962
3 18.91 29.93 0.00423579
4 46.71 76.64 0.01084636
5 110.2 186.84 0.02644216
6 208.04 394.88 0.05588457
7 299.1 693.98 0.09821406
8 312.45 1006.43 0.14243281
9 242.81 1249.24 0.17679594
10 153.85 1403.09 0.19856923
11 80.62 1483.71 0.20997882
12 38.15 1521.86 0.2153779
13 18.32 1540.18 0.21797055
14 7.65 1547.83 0.21905323
15 3.44 1551.27 0.21954007
16 1.52 1552.79 0.21975519
17 0.71 1553.5 0.21985567
18 0.21 1553.71 0.21988539
19 0.07 1553.78 0.21989531
20 0.01 1553.79 0.21989673
21 0.03 1553.82 0.21990097
