0 1 1 0.000142
1 7.4 8.4 0.00118884
2 19.84 28.24 0.00399664
3 53.98 82.22 0.01163597
4 138.82 221.04 0.03128219
5 266.99 488.03 0.0690674
6 376.82 864.85 0.12239599
7 360.05 1224.9 0.17335129
8 244.96 1469.86 0.20801868
9 138.45 1608.31 0.22761253
10 71.66 1679.97 0.23775404
11 36.42 1716.39 0.24290829
12 16.58 1732.97 0.24525478
13 7.84 1740.81 0.24636427
14 3.39 1744.2 0.24684403
15 1.56 1745.76 0.24706481
16 0.63 1746.39 0.24715397
17 0.16 1746.55 0.24717661
18 0.09 1746.64 0.24718934
19 0.01 1746.65 0.24719076
20 0 1746.65 0.24719076
