0 1 1 0.000142
1 4.08 5.08 0.00071907
2 11.83 16.91 0.00239316
3 35.55 52.46 0.00742427
4 92.57 145.03 0.02052507
5 198.39 343.42 0.04860178
6 321.12 664.54 0.09404759
7 366.27 1030.81 0.14588312
8 303.92 1334.73 0.18889467
9 200 1534.73 0.21719926
10 108.81 1643.54 0.23259842
11 54.87 1698.41 0.24036367
12 27.56 1725.97 0.24426407
13 13 1738.97 0.24610388
14 6.15 1745.12 0.24697427
15 2.78 1747.9 0.24736767
16 1.09 1748.99 0.2475219
17 0.47 1749.46 0.24758843
18 0.26 1749.72 0.2476252
19 0.13 1749.85 0.24764361
20 0.08 1749.93 0.24765492
21 0.04 1749.97 0.24766059
22 0.01 1749.98 0.24766201
23 0 1749.98 0.24766201
