0 1 1 0.000142
1 4.42 5.42 0.0007672
2 13.61 19.03 0.00269313
3 36.65 55.68 0.00787995
4 92.86 148.54 0.02102181
5 198.39 346.93 0.04909852
6 319.81 666.74 0.09435893
7 363.1 1029.84 0.14574582
8 300.37 1330.21 0.18825501
9 196.44 1526.65 0.21605575
10 108.56 1635.21 0.23141952
11 57.31 1692.52 0.23953019
12 27.75 1720.27 0.24345746
13 12.94 1733.21 0.24528868
14 6.21 1739.42 0.24616752
15 2.63 1742.05 0.2465397
16 0.91 1742.96 0.24666855
17 0.44 1743.4 0.24673081
18 0.26 1743.66 0.24676761
19 0.11 1743.77 0.24678318
20 0.04 1743.81 0.24678884
21 0.01 1743.82 0.24679025
22 0.01 1743.83 0.24679166
23 0.01 1743.84 0.24679308
24 0.01 1743.85 0.24679449
