0 1 1 0.000142
1 5.36 6.36 0.0009002
2 15.16 21.52 0.00304559
3 42.34 63.86 0.00903768
4 104.4 168.26 0.02381263
5 217.12 385.38 0.05454004
6 337.12 722.5 0.10225025
7 374.38 1096.88 0.15523357
8 300.61 1397.49 0.19777673
9 193.13 1590.62 0.225109
10 102.6 1693.22 0.23962926
11 50.22 1743.44 0.24673647
12 23.65 1767.09 0.25008349
13 10.87 1777.96 0.2516218
14 4.34 1782.3 0.25223605
15 2.14 1784.44 0.25253891
16 0.88 1785.32 0.25266344
17 0.46 1785.78 0.25272857
18 0.14 1785.92 0.25274838
19 0.05 1785.97 0.25275545
20 0 1785.97 0.25275545
