0 1 1 0.000142
1 7.75 8.75 0.00123839
2 18.11 26.86 0.0038013
3 52.76 79.62 0.01126804
4 134.88 214.5 0.03035659
5 273.15 487.65 0.0690136
6 381.79 869.44 0.12304559
7 375.37 1244.81 0.17616901
8 260.76 1505.57 0.21307246
9 146.56 1652.13 0.23381405
10 71.48 1723.61 0.24393003
11 33.01 1756.62 0.24860171
12 14.83 1771.45 0.25070056
13 6.95 1778.4 0.25168408
14 2.94 1781.34 0.25210023
15 1.35 1782.69 0.25229128
16 0.63 1783.32 0.25238043
17 0.22 1783.54 0.25241155
18 0.12 1783.66 0.25242853
19 0.09 1783.75 0.25244125
20 0 1783.75 0.25244125
