0 1 1 0.000142
1 2.71 3.71 0.00052521
2 7.09 10.8 0.00152853
3 19.53 30.33 0.00429239
4 49.74 80.07 0.01133176
5 118.96 199.03 0.0281673
6 220.77 419.8 0.05941133
7 300.54 720.34 0.10194455
8 306.33 1026.67 0.14529726
9 243.33 1270 0.179734
10 165.17 1435.17 0.20310926
11 91.43 1526.6 0.21604872
12 43.37 1569.97 0.22218655
13 20.03 1590 0.2250213
14 8.36 1598.36 0.2262044
15 3.36 1601.72 0.22667986
16 1.47 1603.19 0.22688793
17 0.59 1603.78 0.22697143
18 0.15 1603.93 0.22699265
19 0.1 1604.03 0.22700678
20 0.04 1604.07 0.22701245
21 0.01 1604.08 0.22701386
