0 1 1 0.000142
1 3.15 4.15 0.00058748
2 10.73 14.88 0.00210586
3 30.16 45.04 0.00637421
4 80.27 125.31 0.01773424
5 182.44 307.75 0.04355363
6 313.45 621.2 0.08791394
7 383.74 1004.94 0.14222193
8 321.97 1326.91 0.18778799
9 200.11 1527.02 0.21610811
10 102.42 1629.44 0.23060292
11 48.46 1677.9 0.23746106
12 21.81 1699.71 0.2405477
13 10.27 1709.98 0.24200112
14 4.59 1714.57 0.24265074
15 2.1 1716.67 0.24294789
16 0.86 1717.53 0.24306963
17 0.39 1717.92 0.24312485
18 0.17 1718.09 0.24314892
19 0.07 1718.16 0.24315882
20 0.03 1718.19 0.24316307
21 0 1718.19 0.24316307
22 0.01 1718.2 0.24316449
