0 1 1 0.000142
1 4.73 5.73 0.00081107
2 13.28 19.01 0.00269037
3 38.21 57.22 0.00809792
4 96.13 153.35 0.02170253
5 204.76 358.11 0.05068073
6 319.45 677.56 0.0958902
7 359.5 1037.06 0.14676763
8 284.69 1321.75 0.18705776
9 183.22 1504.97 0.21298756
10 101.25 1606.22 0.22731672
11 50.32 1656.54 0.23443816
12 22.69 1679.23 0.23764925
13 10.91 1690.14 0.23919336
14 4.86 1695 0.23988115
15 1.78 1696.78 0.24013308
16 0.75 1697.53 0.24023917
17 0.32 1697.85 0.2402845
18 0.16 1698.01 0.24030712
19 0.08 1698.09 0.24031846
20 0.02 1698.11 0.24032129
21 0 1698.11 0.24032129
