0 1 1 0.000142
1 3.5 4.5 0.00063701
2 11.9 16.4 0.00232095
3 31.27 47.67 0.00674639
4 82.51 130.18 0.01842344
5 182.51 312.69 0.04425281
6 298.98 611.67 0.08656525
7 346.16 957.83 0.13555481
8 288.56 1246.39 0.1763926
9 189.29 1435.68 0.20318141
10 102.87 1538.55 0.21773993
11 49.01 1587.56 0.22467592
12 21.86 1609.42 0.22776964
13 9.4 1618.82 0.22909996
14 4.22 1623.04 0.22969719
15 1.99 1625.03 0.22997876
16 0.84 1625.87 0.23009765
17 0.33 1626.2 0.23014436
18 0.12 1626.32 0.23016135
19 0.03 1626.35 0.2301656
20 0.02 1626.37 0.23016842
21 0 1626.37 0.23016842
