0 1 1 0.000142
1 3.9 4.9 0.00069359
2 7.71 12.61 0.00178462
3 18.62 31.23 0.00441978
4 46.78 78.01 0.01104021
5 104.62 182.63 0.02584632
6 198.11 380.74 0.0538834
7 284.3 665.04 0.09411838
8 300.94 965.98 0.13670821
9 246.3 1212.28 0.17156527
10 170.86 1383.14 0.19574585
11 107.34 1490.48 0.21093694
12 64.21 1554.69 0.22002405
13 35.4 1590.09 0.22503393
14 17.55 1607.64 0.2275177
15 8.07 1615.71 0.22865978
16 3.64 1619.35 0.22917497
17 1.59 1620.94 0.22939998
18 0.66 1621.6 0.22949338
19 0.38 1621.98 0.22954718
20 0.09 1622.07 0.22955991
21 0.07 1622.14 0.22956982
22 0.03 1622.17 0.22957407
23 0.01 1622.18 0.22957549
24 0 1622.18 0.22957549
