0 1 1 0.000142
1 4.51 5.51 0.00077988
2 15.01 20.52 0.00290405
3 43.86 64.38 0.00911127
4 114.81 179.19 0.0253595
5 231.13 410.32 0.05806969
6 341.86 752.18 0.1064506
7 357.84 1110.02 0.15709313
8 275.83 1385.85 0.19612937
9 169.41 1555.26 0.22010471
10 88.96 1644.22 0.23269465
11 44.2 1688.42 0.23894989
12 19.7 1708.12 0.24173794
13 8.97 1717.09 0.24300735
14 4.12 1721.21 0.24359043
15 1.75 1722.96 0.2438381
16 0.85 1723.81 0.24395837
17 0.54 1724.35 0.24403482
18 0.23 1724.58 0.24406736
19 0.1 1724.68 0.24408152
20 0.12 1724.8 0.2440985
21 0.05 1724.85 0.24410558
22 0.01 1724.86 0.24410699
23 0 1724.86 0.24410699
24 0.01 1724.87 0.24410841
