0 1 1 0.000142
1 2.9 3.9 0.0005521
2 11.83 15.73 0.00222617
3 30.98 46.71 0.00661059
4 77.54 124.25 0.01758419
5 173.54 297.79 0.04214412
6 291.86 589.65 0.08344892
7 340.74 930.39 0.1316714
8 294.49 1224.88 0.17334839
9 195.64 1420.52 0.20103598
10 104.04 1524.56 0.21575995
11 51.87 1576.43 0.22310078
12 23.7 1600.13 0.22645486
13 10.72 1610.85 0.22797207
14 4.76 1615.61 0.22864566
15 1.97 1617.58 0.22892443
16 1 1618.58 0.22906594
17 0.54 1619.12 0.22914238
18 0.23 1619.35 0.22917495
19 0.09 1619.44 0.22918769
20 0.02 1619.46 0.22919052
21 0.01 1619.47 0.22919193
22 0 1619.47 0.22919193
