0 1 1 0.000142
1 2.88 3.88 0.00054926
2 10.59 14.47 0.00204786
3 31.12 45.59 0.00645208
4 80.41 126 0.01783195
5 175.79 301.79 0.04271017
6 292.84 594.63 0.08415376
7 348.8 943.43 0.13351685
8 296.39 1239.82 0.17546279
9 194.44 1434.26 0.2029805
10 107.97 1542.23 0.21826072
11 53.1 1595.33 0.22577565
12 25.35 1620.68 0.22936316
13 11.74 1632.42 0.2310246
14 5.69 1638.11 0.2318299
15 2.3 1640.41 0.23215542
16 0.93 1641.34 0.23228702
17 0.52 1641.86 0.23236061
18 0.22 1642.08 0.23239176
19 0.1 1642.18 0.23240591
20 0.02 1642.2 0.23240873
21 0 1642.2 0.23240873
