0 1 1 0.000142
1 9 10 0.00141521
2 20.03 30.03 0.00424993
3 53.77 83.8 0.01185967
4 133.04 216.84 0.03068779
5 266.18 483.02 0.06835832
6 375.77 858.79 0.12153829
7 362.88 1221.67 0.17289415
8 247.34 1469.01 0.20789836
9 141.56 1610.57 0.22793236
10 74.21 1684.78 0.23843479
11 38.8 1723.58 0.24392583
12 22.17 1745.75 0.24706341
13 12.95 1758.7 0.24889616
14 6.84 1765.54 0.24986415
15 3.19 1768.73 0.25031557
16 1.61 1770.34 0.25054342
17 0.69 1771.03 0.25064109
18 0.21 1771.24 0.25067083
19 0.06 1771.3 0.25067931
20 0.02 1771.32 0.25068215
21 0.01 1771.33 0.25068356
22 0 1771.33 0.25068356
