0 1 1 0.000142
1 4.03 5.03 0.00071198
2 10.89 15.92 0.00225307
3 30.03 45.95 0.00650302
4 78.65 124.6 0.01763381
5 174.24 298.84 0.04229265
6 286.95 585.79 0.08290266
7 342.03 927.82 0.13130767
8 294.55 1222.37 0.17299322
9 202.24 1424.61 0.2016148
10 116.57 1541.18 0.21811212
11 63.65 1604.83 0.22712008
12 31.71 1636.54 0.23160769
13 15.65 1652.19 0.2338225
14 6.9 1659.09 0.23479907
15 3.07 1662.16 0.23523351
16 1.41 1663.57 0.23543306
17 0.44 1664.01 0.23549531
18 0.2 1664.21 0.23552363
19 0.09 1664.3 0.23553637
20 0.02 1664.32 0.2355392
21 0 1664.32 0.2355392
