0 1 1 0.000142
1 3.74 4.74 0.00067097
2 11.04 15.78 0.00223324
3 31.21 46.99 0.0066502
4 85.32 132.31 0.01872491
5 185.93 318.24 0.04503824
6 304.92 623.16 0.08819136
7 349.24 972.4 0.13761678
8 286.43 1258.83 0.17815312
9 190.22 1449.05 0.20507364
10 108.25 1557.3 0.2203934
11 58.75 1616.05 0.22870789
12 31.39 1647.44 0.23315032
13 14.94 1662.38 0.23526469
14 7.03 1669.41 0.23625954
15 3.38 1672.79 0.23673793
16 1.81 1674.6 0.23699406
17 0.91 1675.51 0.23712286
18 0.43 1675.94 0.23718372
19 0.18 1676.12 0.23720921
20 0.1 1676.22 0.23722337
21 0.05 1676.27 0.23723044
22 0.01 1676.28 0.23723186
23 0.01 1676.29 0.23723327
