0 1 1 0.000142
1 5.29 6.29 0.00089024
2 15.63 21.92 0.0031022
3 42.77 64.69 0.00915518
4 106.99 171.68 0.02429664
5 219.51 391.19 0.05536232
6 336.13 727.32 0.10293238
7 356.33 1083.65 0.1533612
8 280.59 1364.24 0.19307102
9 178.04 1542.28 0.21826777
10 97.53 1639.81 0.23207046
11 48.3 1688.11 0.23890598
12 22.37 1710.48 0.24207188
13 9.7 1720.18 0.24344468
14 4.49 1724.67 0.24408012
15 1.91 1726.58 0.24435042
16 0.77 1727.35 0.24445936
17 0.36 1727.71 0.24451035
18 0.14 1727.85 0.24453016
19 0.08 1727.93 0.24454148
20 0.03 1727.96 0.24454573
21 0.01 1727.97 0.24454714
