0 1 1 0.000142
1 5.58 6.58 0.0009313
2 15.04 21.62 0.00305977
3 41.84 63.46 0.00898104
4 108.23 171.69 0.02429807
5 221.81 393.5 0.05568919
6 347.58 741.08 0.10487967
7 370.49 1111.57 0.15731249
8 292.21 1403.78 0.19866683
9 181 1584.78 0.22428251
10 93.28 1678.06 0.23748373
11 43.6 1721.66 0.24365412
12 19.23 1740.89 0.24637559
13 9.12 1750.01 0.24766627
14 3.88 1753.89 0.24821538
15 1.73 1755.62 0.24846028
16 0.75 1756.37 0.24856639
17 0.4 1756.77 0.24862301
18 0.16 1756.93 0.24864566
19 0.05 1756.98 0.24865273
20 0.01 1756.99 0.24865414
21 0 1756.99 0.24865414
