0 1 1 0.000142
1 4.44 5.44 0.00076999
2 13.89 19.33 0.00273565
3 41.54 60.87 0.00861461
4 104.56 165.43 0.02341208
5 218.78 384.21 0.05437447
6 332.16 716.37 0.1013827
7 361.01 1077.38 0.15247381
8 283.25 1360.63 0.19256019
9 177.33 1537.96 0.2176564
10 96.74 1634.7 0.23134739
11 46.3 1681 0.23789982
12 20.61 1701.61 0.24081654
13 9.11 1710.72 0.24210589
14 3.89 1714.61 0.24265639
15 1.53 1716.14 0.24287289
16 0.8 1716.94 0.2429861
17 0.47 1717.41 0.24305266
18 0.19 1717.6 0.24307955
19 0.1 1717.7 0.2430937
20 0.01 1717.71 0.24309511
