0 1 1 0.000142
1 5.82 6.82 0.00096526
2 16.48 23.3 0.00329749
3 44.01 67.31 0.00952591
4 115.17 182.48 0.02582504
5 227.83 410.31 0.05806817
6 346.95 757.26 0.10716951
7 362.83 1120.09 0.15851823
8 271.23 1391.32 0.19690353
9 160.9 1552.22 0.21967452
10 86.45 1638.67 0.23190915
11 45.4 1684.07 0.23833426
12 23.97 1708.04 0.24172662
13 11.15 1719.19 0.24330455
14 5.29 1724.48 0.24405325
15 2.65 1727.13 0.24442821
16 1.1 1728.23 0.24458389
17 0.42 1728.65 0.24464333
18 0.2 1728.85 0.24467162
19 0.07 1728.92 0.24468153
20 0.01 1728.93 0.24468295
21 0 1728.93 0.24468295
