0 1 1 0.000142
1 4.91 5.91 0.00083656
2 14.65 20.56 0.0029097
3 39.63 60.19 0.00851828
4 102.87 163.06 0.02307666
5 219.11 382.17 0.05408578
6 345.2 727.37 0.10293947
7 370.82 1098.19 0.15541891
8 289.04 1387.23 0.19632468
9 177.11 1564.34 0.22138974
10 95.97 1660.31 0.23497165
11 50.58 1710.89 0.24212989
12 25.46 1736.35 0.24573309
13 13.79 1750.14 0.24768473
14 7.16 1757.3 0.24869799
15 3.85 1761.15 0.24924286
16 1.72 1762.87 0.24948629
17 0.51 1763.38 0.24955846
18 0.37 1763.75 0.24961084
19 0.11 1763.86 0.24962638
20 0.09 1763.95 0.24963913
21 0.03 1763.98 0.24964337
22 0.01 1763.99 0.24964479
23 0 1763.99 0.24964479
