0 1 1 0.000142
1 3.5 4.5 0.00063702
2 9.62 14.12 0.00199833
3 21.86 35.98 0.00509196
4 58.53 94.51 0.01337534
5 132.03 226.54 0.03206059
6 240.64 467.18 0.06611665
7 321.69 788.87 0.11164307
8 310.48 1099.35 0.15558311
9 228.31 1327.66 0.18789414
10 142.68 1470.34 0.20808661
11 83.71 1554.05 0.21993348
12 45.81 1599.86 0.22641666
13 23.49 1623.35 0.229741
14 11.99 1635.34 0.23143785
15 5.37 1640.71 0.23219782
16 2.4 1643.11 0.23253745
17 1.14 1644.25 0.2326988
18 0.41 1644.66 0.23275681
19 0.21 1644.87 0.23278654
20 0.08 1644.95 0.23279786
21 0.03 1644.98 0.2328021
22 0 1644.98 0.2328021
