0 1 1 0.000142
1 3.15 4.15 0.00058742
2 9.41 13.56 0.00191903
3 27.74 41.3 0.00584492
4 75.16 116.46 0.01648176
5 166.23 282.69 0.04000712
6 278.73 561.42 0.07945372
7 331.23 892.65 0.12633035
8 281.22 1173.87 0.16612936
9 195.64 1369.51 0.1938169
10 116.62 1486.13 0.21032124
11 61.72 1547.85 0.21905599
12 31.96 1579.81 0.22357914
13 15.64 1595.45 0.22579256
14 6.98 1602.43 0.22678038
15 3.07 1605.5 0.22721487
16 1.37 1606.87 0.22740873
17 0.57 1607.44 0.22748943
18 0.34 1607.78 0.22753754
19 0.13 1607.91 0.22755594
20 0.04 1607.95 0.2275616
21 0 1607.95 0.2275616
