0 1 1 0.000142
1 3.13 4.13 0.00058463
2 10.94 15.07 0.00213278
3 29.33 44.4 0.00628363
4 79.55 123.95 0.01754179
5 171.87 295.82 0.04186529
6 293.37 589.19 0.08338382
7 348.81 938 0.13274841
8 294.89 1232.89 0.17448202
9 192.25 1425.14 0.20168978
10 105.29 1530.43 0.21659073
11 50.32 1580.75 0.22371214
12 24.04 1604.79 0.22711434
13 10.02 1614.81 0.22853244
14 4.57 1619.38 0.22917919
15 1.93 1621.31 0.22945233
16 0.94 1622.25 0.22958536
17 0.3 1622.55 0.2296278
18 0.19 1622.74 0.22965471
19 0.09 1622.83 0.22966745
20 0.05 1622.88 0.22967452
21 0.03 1622.91 0.22967876
22 0.01 1622.92 0.22968018
23 0.04 1622.96 0.22968584
24 0.01 1622.97 0.22968726
