0 1 1 0.000142
1 6.97 7.97 0.00112799
2 14.9 22.87 0.00323663
3 42.95 65.82 0.00931503
4 104.99 170.81 0.02417352
5 215.14 385.95 0.05462077
6 344.71 730.66 0.10340507
7 375.94 1106.6 0.15660908
8 297.8 1404.4 0.1987546
9 179.55 1583.95 0.22416498
10 98.89 1682.84 0.23816024
11 47.55 1730.39 0.24488959
12 21.89 1752.28 0.24798758
13 9.99 1762.27 0.24940134
14 4.25 1766.52 0.25000282
15 1.93 1768.45 0.250276
16 0.87 1769.32 0.25039908
17 0.39 1769.71 0.25045427
18 0.14 1769.85 0.25047407
19 0.08 1769.93 0.25048539
20 0 1769.93 0.25048539
