0 1 1 0.000142
1 3.17 4.17 0.0005903
2 11.36 15.53 0.00219783
3 33.4 48.93 0.00692477
4 87.36 136.29 0.01928811
5 185.01 321.3 0.04547131
6 301.23 622.53 0.0881022199999999
7 347.36 969.89 0.13726156
8 287.54 1257.43 0.17795504
9 188.86 1446.29 0.20468302
10 106.24 1552.53 0.21971842
11 58.41 1610.94 0.22798477
12 29.06 1640 0.23209737
13 13.82 1653.82 0.23405326
14 5.93 1659.75 0.23489247
15 2.35 1662.1 0.23522504
16 0.93 1663.03 0.23535664
17 0.41 1663.44 0.23541469
18 0.21 1663.65 0.23544441
19 0.16 1663.81 0.23546706
20 0.02 1663.83 0.23546989
21 0.02 1663.85 0.23547272
22 0 1663.85 0.23547272
