0 1 1 0.000142
1 4.08 5.08 0.00071906
2 11.83 16.91 0.00239312
3 32.35 49.26 0.00697145
4 81.86 131.12 0.01855646
5 183.83 314.95 0.0445726
6 309.09 624.04 0.08831586
7 360.74 984.78 0.13936886
8 303.6 1288.38 0.18233513
9 201.42 1489.8 0.21084064
10 117.7 1607.5 0.22749795
11 62.83 1670.33 0.23638979
12 32.76 1703.09 0.24102604
13 16.38 1719.47 0.24334417
14 7.5 1726.97 0.24440561
15 3.44 1730.41 0.24489239
16 1.49 1731.9 0.24510326
17 0.57 1732.47 0.24518396
18 0.27 1732.74 0.24522217
19 0.12 1732.86 0.24523914
20 0.04 1732.9 0.24524481
21 0 1732.9 0.24524481
