0 1 1 0.000142
1 4.09 5.09 0.00072049
2 10.07 15.16 0.0021455
3 26.8 41.96 0.00593829
4 69.05 111.01 0.01571041
5 153.08 264.09 0.03737481
6 267.62 531.71 0.07524906
7 330.36 862.07 0.12200255
8 302.97 1165.04 0.16487974
9 218.59 1383.63 0.19581519
10 132.53 1516.16 0.2145712
11 73.52 1589.68 0.22497596
12 38.77 1628.45 0.23046274
13 19.13 1647.58 0.23317009
14 8.82 1656.4 0.23441838
15 4.19 1660.59 0.23501132
16 1.59 1662.18 0.23523643
17 0.92 1663.1 0.2353666
18 0.34 1663.44 0.23541472
19 0.21 1663.65 0.23544443
20 0.07 1663.72 0.23545435
21 0.02 1663.74 0.23545718
22 0.01 1663.75 0.2354586
