0 1 1 0.000142
1 6.19 7.19 0.00101763
2 16.79 23.98 0.00339376
3 44.5 68.48 0.00969149
4 112.26 180.74 0.02557883
5 230.56 411.3 0.05820828
6 355.58 766.88 0.108531
7 375.3 1142.18 0.16164453
8 276.32 1418.5 0.20075005
9 162.95 1581.45 0.2238112
10 84.54 1665.99 0.2357756
11 40.5 1706.49 0.24150724
12 19.18 1725.67 0.24422167
13 8.6 1734.27 0.24543873
14 3.92 1738.19 0.24599346
15 1.74 1739.93 0.24623975
16 0.69 1740.62 0.24633743
17 0.33 1740.95 0.24638412
18 0.13 1741.08 0.2464025
19 0.03 1741.11 0.24640676
20 0.01 1741.12 0.24640817
