0 1 1 0.000142
1 4.83 5.83 0.00082522
2 10.72 16.55 0.00234219
3 29.75 46.3 0.00655255
4 74.48 120.78 0.01709313
5 175.81 296.59 0.04197421
6 305.39 601.98 0.08519392
7 378.83 980.81 0.138807
8 326.7 1307.51 0.18504249
9 217.81 1525.32 0.21586757
10 122.54 1647.86 0.23320975
11 63.62 1711.48 0.24221346
12 29.05 1740.53 0.24632466
13 13.4 1753.93 0.24822106
14 6 1759.93 0.24907016
15 2.48 1762.41 0.24942113
16 1 1763.41 0.24956267
17 0.32 1763.73 0.24960797
18 0.06 1763.79 0.24961647
19 0.05 1763.84 0.24962356
20 0 1763.84 0.24962356
