0 1 1 0.000142
1 4.8 5.8 0.00082098
2 11.8 17.6 0.0024908
3 34.52 52.12 0.00737619
4 85.48 137.6 0.01947358
5 187.89 325.49 0.04606426
6 322.83 648.32 0.09175207
7 391.71 1040.03 0.14718797
8 329.21 1369.24 0.1937786
9 206.14 1575.38 0.22295217
10 109.91 1685.29 0.23850698
11 54.85 1740.14 0.24626947
12 25.06 1765.2 0.24981599
13 11.4 1776.6 0.25142942
14 5.63 1782.23 0.25222614
15 2.25 1784.48 0.25254462
16 0.81 1785.29 0.25265922
17 0.35 1785.64 0.25270875
18 0.18 1785.82 0.2527342
19 0.07 1785.89 0.25274411
20 0.02 1785.91 0.25274695
21 0.01 1785.92 0.25274836
22 0.01 1785.93 0.25274978
