0 1 1 0.000142
1 3.3 4.3 0.00060867
2 9.83 14.13 0.00199978
3 27.08 41.21 0.00583224
4 69.94 111.15 0.0157303
5 159.23 270.38 0.03826493
6 274.04 544.42 0.07704786
7 338.2 882.62 0.12491087
8 297.13 1179.75 0.16696155
9 208.66 1388.41 0.19649163
10 127.8 1516.21 0.21457828
11 68.98 1585.19 0.22434052
12 33.74 1618.93 0.22911553
13 15.99 1634.92 0.23137847
14 6.97 1641.89 0.23236485
15 3.1 1644.99 0.23280358
16 1.36 1646.35 0.23299606
17 0.61 1646.96 0.23308235
18 0.29 1647.25 0.23312342
19 0.13 1647.38 0.23314179
20 0.05 1647.43 0.23314888
21 0.01 1647.44 0.23315029
22 0 1647.44 0.23315029
