0 1 1 0.000142
1 4.96 5.96 0.0008436
2 16.73 22.69 0.00321119
3 48.48 71.17 0.01007218
4 122.04 193.21 0.02734365
5 250.35 443.56 0.06277387
6 365 808.56 0.11442964
7 363.59 1172.15 0.16588598
8 256.57 1428.72 0.20219644
9 150.42 1579.14 0.22348432
10 76.83 1655.97 0.2343575
11 37.52 1693.49 0.23966741
12 16.7 1710.19 0.24203091
13 7.19 1717.38 0.2430484
14 3 1720.38 0.24347292
15 1.33 1721.71 0.24366119
16 0.57 1722.28 0.24374188
17 0.14 1722.42 0.2437617
18 0.04 1722.46 0.24376736
19 0.04 1722.5 0.24377302
20 0.01 1722.51 0.24377443
21 0.03 1722.54 0.24377868
22 0.01 1722.55 0.24378009
23 0 1722.55 0.24378009
