0 1 1 0.000142
1 4.45 5.45 0.00077145
2 13.95 19.4 0.00274555
3 42.11 61.51 0.00870508
4 108.16 169.67 0.0240122
5 231.01 400.68 0.05670537
6 353.86 754.54 0.10678461
7 372.37 1126.91 0.15948343
8 278.98 1405.89 0.19896541
9 166.72 1572.61 0.22256015
10 84.29 1656.9 0.23448909
11 39 1695.9 0.24000847
12 16.33 1712.23 0.24231955
13 7.3 1719.53 0.24335268
14 3.08 1722.61 0.24378853
15 1.53 1724.14 0.24400512
16 0.55 1724.69 0.24408295
17 0.18 1724.87 0.2441084
18 0.14 1725.01 0.24412821
19 0.04 1725.05 0.24413387
20 0.03 1725.08 0.24413812
21 0.02 1725.1 0.24414095
22 0.05 1725.15 0.24414802
23 0 1725.15 0.24414802
