0 1 1 0.000142
1 3.81 4.81 0.00068083
2 11.52 16.33 0.0023111
3 31.63 47.96 0.00678741
4 81.06 129.02 0.01825922
5 182.67 311.69 0.04411128
6 308.63 620.32 0.08778941
7 371.49 991.81 0.1403638
8 321 1312.81 0.18579258
9 215.11 1527.92 0.21623549
10 121.65 1649.57 0.23345173
11 61.73 1711.3 0.24218794
12 30.02 1741.32 0.24643648
13 13.78 1755.1 0.24838664
14 6.65 1761.75 0.24932777
15 2.71 1764.46 0.24971131
16 1.05 1765.51 0.24985989
17 0.52 1766.03 0.2499335
18 0.21 1766.24 0.24996321
19 0.04 1766.28 0.24996887
20 0.01 1766.29 0.24997028
