0 1 1 0.000142
1 5.5 6.5 0.00092
2 16.04 22.54 0.00318994
3 46.45 68.99 0.00976374
4 114.8 183.79 0.0260105
5 235.9 419.69 0.05939568
6 354.22 773.91 0.10952585
7 367.37 1141.28 0.16151715
8 276.11 1417.39 0.20059301
9 166.5 1583.89 0.22415652
10 88.07 1671.96 0.23662045
11 42.71 1714.67 0.24266489
12 19.9 1734.57 0.24548122
13 9.3 1743.87 0.24679736
14 3.99 1747.86 0.24736205
15 1.72 1749.58 0.24760544
16 0.6 1750.18 0.24769041
17 0.28 1750.46 0.24773002
18 0.11 1750.57 0.24774559
19 0.06 1750.63 0.24775408
20 0.02 1750.65 0.24775691
21 0 1750.65 0.24775691
22 0.01 1750.66 0.24775832
