0 1 1 0.000142
1 3.47 4.47 0.00063277
2 10.47 14.94 0.00211438
3 31.69 46.63 0.0065993
4 82.74 129.37 0.01830882
5 177.6 306.97 0.04344324
6 292.76 599.73 0.08487545
7 339.43 939.16 0.13291259
8 284.67 1223.83 0.17319985
9 184.95 1408.78 0.19937454
10 103.93 1512.71 0.21408302
11 54.6 1567.31 0.22181008
12 29.28 1596.59 0.22595387
13 15.99 1612.58 0.22821685
14 7.83 1620.41 0.22932502
15 3.7 1624.11 0.2298486
16 1.59 1625.7 0.23007363
17 0.77 1626.47 0.23018264
18 0.32 1626.79 0.23022792
19 0.1 1626.89 0.23024207
20 0.04 1626.93 0.23024773
21 0.02 1626.95 0.23025056
22 0 1626.95 0.23025056
