0 1 1 0.000142
1 2.94 3.94 0.00055772
2 10.41 14.35 0.00203086
3 27.04 41.39 0.00585767
4 73.39 114.78 0.01624403
5 161.4 276.18 0.03908573
6 267.81 543.99 0.07698701
7 314 857.99 0.12142515
8 271.64 1129.63 0.15986839
9 192.29 1321.92 0.1870818
10 123.62 1445.54 0.20457684
11 68.24 1513.78 0.21423439
12 33.1 1546.88 0.2189188
13 16.32 1563.2 0.22122843
14 9.71 1572.91 0.22260262
15 6.86 1579.77 0.22357349
16 4.78 1584.55 0.22424994
17 2.65 1587.2 0.22462496
18 1.38 1588.58 0.22482028
19 0.66 1589.24 0.22491369
20 0.32 1589.56 0.22495898
21 0.11 1589.67 0.22497453
22 0.05 1589.72 0.2249816
23 0.02 1589.74 0.22498443
24 0.02 1589.76 0.22498727
25 0.01 1589.77 0.22498868
26 0.01 1589.78 0.2249901
27 0 1589.78 0.2249901
