0 1 1 0.000142
1 4.01 5.01 0.00070918
2 12.98 17.99 0.00254606
3 35.07 53.06 0.00750923
4 90.14 143.2 0.02026609
5 196.19 339.39 0.04803149
6 315.26 654.65 0.0926479
7 367.73 1022.38 0.14469006
8 309.26 1331.64 0.18845745
9 202.71 1534.35 0.21714552
10 112.55 1646.9 0.23307387
11 54.97 1701.87 0.24085337
12 25.06 1726.93 0.24439997
13 11.22 1738.15 0.24598786
14 4.98 1743.13 0.24669263
15 1.89 1745.02 0.24696007
16 0.8 1745.82 0.24707332
17 0.42 1746.24 0.24713274
18 0.18 1746.42 0.24715821
19 0.07 1746.49 0.24716813
20 0.01 1746.5 0.24716954
