0 1 1 0.000142
1 6.38 7.38 0.00104455
2 16.01 23.39 0.0033102
3 45.07 68.46 0.00968871
4 112.99 181.45 0.02567936
5 232.03 413.48 0.05851678
6 348.9 762.38 0.10789412
7 365.05 1127.43 0.15955701
8 281.85 1409.28 0.19944524
9 176.79 1586.07 0.22446509
10 98.38 1684.45 0.23838808
11 50.11 1734.56 0.24547975
12 23.71 1758.27 0.24883525
13 11.35 1769.62 0.25044156
14 4.74 1774.36 0.25111239
15 2.05 1776.41 0.25140249
16 0.76 1777.17 0.25151007
17 0.25 1777.42 0.25154544
18 0.14 1777.56 0.25156524
19 0.03 1777.59 0.25156948
20 0 1777.59 0.25156948
