0 1 1 0.000142
1 10.08 11.08 0.0015681
2 24.6 35.68 0.00504958
3 69.28 104.96 0.01485422
4 165.78 270.74 0.03831592
5 314 584.74 0.082754
6 401.41 986.15 0.13956272
7 352.7 1338.85 0.1894778
8 223.9 1562.75 0.22116472
9 119.4 1682.15 0.23806259
10 60.19 1742.34 0.24658078
11 27.81 1770.15 0.25051657
12 12.35 1782.5 0.25226435
13 5.36 1787.86 0.25302295
14 2.2 1790.06 0.2533343
15 0.91 1790.97 0.25346307
16 0.26 1791.23 0.25349984
17 0.1 1791.33 0.25351398
18 0.05 1791.38 0.25352106
19 0.04 1791.42 0.25352672
20 0.02 1791.44 0.25352955
21 0.04 1791.48 0.25353521
22 0.01 1791.49 0.25353663
23 0.03 1791.52 0.25354088
24 0.03 1791.55 0.25354512
25 0.03 1791.58 0.25354937
26 0.01 1791.59 0.25355078
27 0.01 1791.6 0.2535522
28 0 1791.6 0.2535522
