0 1 1 0.000142
1 3.27 4.27 0.00060446
2 9.15 13.42 0.00189929
3 25.09 38.51 0.0054501
4 64.24 102.75 0.01454149
5 147.13 249.88 0.03536374
6 251.25 501.13 0.07092134
7 322.16 823.29 0.11651432
8 303.22 1126.51 0.15942686
9 222.72 1349.23 0.19094684
10 136.06 1485.29 0.21020238
11 73.15 1558.44 0.22055479
12 37.85 1596.29 0.22591146
13 18.34 1614.63 0.228507
14 8.05 1622.68 0.22964621
15 3.62 1626.3 0.23015851
16 1.4 1627.7 0.23035663
17 0.49 1628.19 0.23042598
18 0.21 1628.4 0.2304557
19 0.12 1628.52 0.23047271
20 0.02 1628.54 0.23047553
21 0.01 1628.55 0.23047695
22 0.01 1628.56 0.23047836
23 0.01 1628.57 0.23047978
24 0 1628.57 0.23047978
