0 1 1 0.000142
1 4.19 5.19 0.0007346
2 12.34 17.53 0.00248096
3 34.39 51.92 0.00734787
4 89.11 141.03 0.01995896
5 197.3 338.33 0.04788144
6 316.82 655.15 0.09271866
7 359.96 1015.11 0.14366122
8 292.97 1308.08 0.18512312
9 191.3 1499.38 0.21219644
10 104.75 1604.13 0.22702097
11 51.36 1655.49 0.23428956
12 23.85 1679.34 0.2376649
13 10.63 1689.97 0.23916927
14 4.84 1694.81 0.23985415
15 2.15 1696.96 0.24015844
16 0.85 1697.81 0.24027876
17 0.4 1698.21 0.24033538
18 0.2 1698.41 0.24036368
19 0.06 1698.47 0.24037218
20 0.04 1698.51 0.24037783
21 0.01 1698.52 0.24037925
22 0 1698.52 0.24037925
