0 1 1 0.000142
1 6.94 7.94 0.00112379
2 18.97 26.91 0.00380841
3 52.01 78.92 0.01116896
4 132.23 211.15 0.02988251
5 268.16 479.31 0.06783324
6 380.6 859.91 0.12169687
7 369.65 1229.56 0.17401075
8 264.44 1494 0.21143503
9 154.56 1648.56 0.23330878
10 76.74 1725.3 0.24416923
11 35.3 1760.6 0.24916502
12 16.81 1777.41 0.25154404
13 7.26 1784.67 0.25257151
14 2.96 1787.63 0.25299039
15 1.32 1788.95 0.25317721
16 0.46 1789.41 0.25324232
17 0.23 1789.64 0.25327487
18 0.08 1789.72 0.2532862
19 0.02 1789.74 0.25328903
20 0.01 1789.75 0.25329045
21 0.01 1789.76 0.25329186
22 0 1789.76 0.25329186
