0 1 1 0.000142
1 3.71 4.71 0.00066671
2 8.93 13.64 0.00193038
3 23.15 36.79 0.00520663
4 56.9 93.69 0.01325931
5 131.7 225.39 0.0318978
6 240.52 465.91 0.06593687
7 327.69 793.6 0.11231242
8 329.86 1123.46 0.15899518
9 262.29 1385.75 0.19611522
10 165.97 1551.72 0.2196037
11 93.09 1644.81 0.23277812
12 46.5 1691.31 0.23935895
13 21.52 1712.83 0.24240455
14 9.82 1722.65 0.24379422
15 4.42 1727.07 0.24441973
16 1.82 1728.89 0.24467734
17 0.86 1729.75 0.24479902
18 0.35 1730.1 0.24484855
19 0.2 1730.3 0.24487684
20 0.07 1730.37 0.24488675
21 0.02 1730.39 0.24488958
22 0.02 1730.41 0.24489241
23 0.01 1730.42 0.24489383
24 0 1730.42 0.24489383
