0 1 1 0.000142
1 7.46 8.46 0.00119733
2 20.3 28.76 0.00407021
3 57.76 86.52 0.01224447
4 144.53 231.05 0.03269885
5 281.16 512.21 0.07248937
6 394.91 907.12 0.12837818
7 368.98 1276.1 0.1805972
8 248.41 1524.51 0.21575293
9 137.1 1661.61 0.23515565
10 68.22 1729.83 0.24481037
11 31.94 1761.77 0.24933057
12 14.57 1776.34 0.25139257
13 6.75 1783.09 0.25234779
14 2.85 1785.94 0.25275121
15 1.27 1787.21 0.25293093
16 0.75 1787.96 0.25303705
17 0.41 1788.37 0.25309504
18 0.28 1788.65 0.25313468
19 0.15 1788.8 0.25315592
20 0.04 1788.84 0.25316158
21 0.02 1788.86 0.25316441
22 0.01 1788.87 0.25316582
