0 1 1 0.000142
1 6.19 7.19 0.00101765
2 16.08 23.27 0.00329327
3 43.79 67.06 0.00949055
4 111.12 178.18 0.0252165
5 226.22 404.4 0.05723186
6 348.76 753.16 0.1065893
7 373.74 1126.9 0.15948203
8 292.43 1419.33 0.20086753
9 177.49 1596.82 0.22598642
10 91.65 1688.47 0.23895695
11 44.28 1732.75 0.24522363
12 20.84 1753.59 0.24817294
13 8.48 1762.07 0.24937308
14 4.2 1766.27 0.24996747
15 1.76 1768.03 0.25021656
16 0.7 1768.73 0.2503156
17 0.33 1769.06 0.2503623
18 0.2 1769.26 0.2503906
19 0.12 1769.38 0.25040757
20 0.05 1769.43 0.25041464
21 0.01 1769.44 0.25041606
22 0 1769.44 0.25041606
