0 1 1 0.000142
1 6.33 7.33 0.00103746
2 18.17 25.5 0.00360883
3 49.56 75.06 0.01062272
4 121.64 196.7 0.02783755
5 247.8 444.5 0.06290689
6 366.25 810.75 0.11473961
7 379.64 1190.39 0.16846733
8 275.11 1465.5 0.20740163
9 159.84 1625.34 0.23002263
10 81.5 1706.84 0.24155672
11 41.11 1747.95 0.24737475
12 20.95 1768.9 0.25033963
13 10.11 1779.01 0.25177044
14 5.1 1784.11 0.2524922
15 2.2 1786.31 0.25280357
16 0.93 1787.24 0.2529352
17 0.39 1787.63 0.25299036
18 0.09 1787.72 0.2530031
19 0.02 1787.74 0.25300593
20 0.01 1787.75 0.25300734
21 0 1787.75 0.25300734
