0 1 1 0.000142
1 3.08 4.08 0.00057754
2 10.7 14.78 0.00209176
3 31.36 46.14 0.00652986
4 80.01 126.15 0.0178531
5 179.56 305.71 0.04326495
6 307.07 612.78 0.08672227
7 365.52 978.3 0.13845177
8 304.03 1282.33 0.18147896
9 197.43 1479.76 0.2094198
10 111.82 1591.58 0.22524485
11 57.15 1648.73 0.23333288
12 26.51 1675.24 0.23708464
13 11.71 1686.95 0.23874191
14 5.39 1692.34 0.23950471
15 2.16 1694.5 0.23981036
16 1.1 1695.6 0.23996604
17 0.45 1696.05 0.24002973
18 0.12 1696.17 0.24004673
19 0.04 1696.21 0.24005238
20 0.02 1696.23 0.24005522
21 0.01 1696.24 0.24005664
22 0 1696.24 0.24005664
