0 1 1 0.000142
1 4.31 5.31 0.00075162
2 6.97 12.28 0.0017379
3 13.92 26.2 0.00370789
4 31.56 57.76 0.00817444
5 73.63 131.39 0.01859468
6 149.74 281.13 0.03978631
7 235.83 516.96 0.07316159
8 276.29 793.25 0.11226298
9 257.04 1050.29 0.14863995
10 193.24 1243.53 0.17598784
11 127.89 1371.42 0.19408723
12 75.39 1446.81 0.2047566
13 47.49 1494.3 0.21147757
14 32.23 1526.53 0.21603884
15 21.1 1547.63 0.21902495
16 12.31 1559.94 0.22076711
17 6.2 1566.14 0.22164452
18 3.14 1569.28 0.22208891
19 1.44 1570.72 0.2222927
20 0.72 1571.44 0.2223946
21 0.39 1571.83 0.22244979
22 0.15 1571.98 0.22247102
23 0.14 1572.12 0.22249085
24 0.02 1572.14 0.22249368
25 0.02 1572.16 0.22249651
