0 1 1 0.000142
1 3.35 4.35 0.00061573
2 10.18 14.53 0.00205633
3 28.16 42.69 0.00604161
4 70.5 113.19 0.016019
5 157.55 270.74 0.03831592
6 270.58 541.32 0.07660913
7 330.12 871.44 0.12332863
8 303.3 1174.74 0.1662525
9 220.14 1394.88 0.19740735
10 135.19 1530.07 0.2165398
11 76.03 1606.1 0.22729977
12 38.43 1644.53 0.23273854
13 17.79 1662.32 0.23525615
14 8.45 1670.77 0.23645202
15 3.97 1674.74 0.23701384
16 1.62 1676.36 0.2372431
17 1 1677.36 0.23738464
18 0.5 1677.86 0.23745542
19 0.26 1678.12 0.23749222
20 0.18 1678.3 0.2375177
21 0.02 1678.32 0.23752054
22 0.02 1678.34 0.23752336
23 0.01 1678.35 0.23752478
24 0 1678.35 0.23752478
