0 1 1 0.000142
1 6.46 7.46 0.00105586
2 15.35 22.81 0.0032282
3 42.68 65.49 0.00926832
4 107.6 173.09 0.02449617
5 226.39 399.48 0.05653548
6 354.52 754 0.1067082
7 381.63 1135.63 0.16071751
8 290.1 1425.73 0.20177329
9 177.24 1602.97 0.22685676
10 94.4 1697.37 0.24021652
11 48.88 1746.25 0.24713414
12 23.65 1769.9 0.25048118
13 10.91 1780.81 0.25202523
14 4.92 1785.73 0.25272151
15 2.04 1787.77 0.2530102
16 0.8 1788.57 0.2531234
17 0.42 1788.99 0.25318287
18 0.13 1789.12 0.25320128
19 0.09 1789.21 0.253214
20 0.02 1789.23 0.25321682
21 0 1789.23 0.25321682
