0 1 1 0.000142
1 5.29 6.29 0.00089028
2 16.14 22.43 0.00317441
3 46.81 69.24 0.00979912
4 116.41 185.65 0.02627368
5 233.88 419.53 0.05937304
6 341.39 760.92 0.10768758
7 343.66 1104.58 0.15632326
8 256.34 1360.92 0.19260122
9 156.6 1517.52 0.21476368
10 83.75 1601.27 0.22661621
11 41.63 1642.9 0.23250779
12 20.1 1663 0.23535239
13 8.97 1671.97 0.23662191
14 3.91 1675.88 0.23717521
15 2.01 1677.89 0.23745966
16 0.79 1678.68 0.23757148
17 0.42 1679.1 0.23763091
18 0.28 1679.38 0.23767053
19 0.1 1679.48 0.23768469
20 0.06 1679.54 0.23769317
21 0.01 1679.55 0.23769459
22 0 1679.55 0.23769459
