0 1 1 0.000142
1 3.79 4.79 0.00067803
2 9.98 14.77 0.00209036
3 28.53 43.3 0.00612797
4 76.68 119.98 0.01697991
5 171.41 291.39 0.0412384
6 287.7 579.09 0.08195449
7 340.9 919.99 0.13019962
8 296.77 1216.76 0.17219933
9 199.84 1416.6 0.20048119
10 114.56 1531.16 0.21669409
11 60.41 1591.57 0.22524344
12 30.59 1622.16 0.22957257
13 15.33 1637.49 0.23174221
14 7.09 1644.58 0.23274554
15 3.42 1648 0.23322959
16 1.83 1649.83 0.23348856
17 0.69 1650.52 0.23358618
18 0.43 1650.95 0.23364704
19 0.13 1651.08 0.23366544
20 0.07 1651.15 0.23367536
21 0.09 1651.24 0.23368809
22 0.03 1651.27 0.23369233
23 0.05 1651.32 0.23369941
24 0.01 1651.33 0.23370083
25 0.01 1651.34 0.23370225
26 0.01 1651.35 0.23370366
27 0 1651.35 0.23370366
