0 1 1 0.000142
1 5.49 6.49 0.00091857
2 18.65 25.14 0.00355786
3 56.91 82.05 0.01161193
4 136.13 218.18 0.03087742
5 270.26 488.44 0.06912536
6 382.19 870.63 0.12321394
7 367.96 1238.59 0.17528872
8 255.88 1494.47 0.21150158
9 144.54 1639.01 0.23195724
10 71.19 1710.2 0.24203227
11 31.68 1741.88 0.24651571
12 14.8 1756.68 0.24861025
13 6.21 1762.89 0.24948914
14 2.85 1765.74 0.24989244
15 1.26 1767 0.25007074
16 0.61 1767.61 0.2501571
17 0.15 1767.76 0.25017831
18 0.08 1767.84 0.25018963
19 0.05 1767.89 0.25019672
20 0.04 1767.93 0.25020237
21 0 1767.93 0.25020237
