0 1 1 0.000142
1 5.43 6.43 0.00091009
2 13.1 19.53 0.00276396
3 37.75 57.28 0.00810645
4 97.28 154.56 0.02187381
5 209.74 364.3 0.05155676
6 326.9 691.2 0.09782056
7 359.17 1050.37 0.14865135
8 279.79 1330.16 0.18824803
9 172.26 1502.42 0.21262671
10 94.16 1596.58 0.22595247
11 48.69 1645.27 0.23284323
12 26.31 1671.58 0.23656663
13 13.89 1685.47 0.23853239
14 7.43 1692.9 0.2395839
15 3.3 1696.2 0.24005095
16 1.48 1697.68 0.24026039
17 0.61 1698.29 0.24034672
18 0.3 1698.59 0.24038918
19 0.22 1698.81 0.24042031
20 0.06 1698.87 0.24042881
21 0 1698.87 0.24042881
