0 1 1 0.000142
1 4.58 5.58 0.0007898
2 11.96 17.54 0.00248233
3 34.6 52.14 0.00737902
4 87.43 139.57 0.01975236
5 187.3 326.87 0.04625959
6 308.65 635.52 0.0899406
7 357.49 993.01 0.14053354
8 297.28 1290.29 0.18260548
9 192.89 1483.18 0.2099038
10 110.35 1593.53 0.22552087
11 58.5 1652.03 0.23379991
12 31.34 1683.37 0.2382352
13 16.17 1699.54 0.24052367
14 7.62 1707.16 0.24160202
15 3.83 1710.99 0.24214406
16 1.81 1712.8 0.24240025
17 0.67 1713.47 0.24249506
18 0.28 1713.75 0.24253467
19 0.18 1713.93 0.24256016
20 0.06 1713.99 0.24256864
21 0 1713.99 0.24256864
