0 1 1 0.000142
1 5.44 6.44 0.00091151
2 13.64 20.08 0.0028418
3 37.6 57.68 0.00816301999999999
4 94.02 151.7 0.02146907
5 198.22 349.92 0.04952165
6 322.98 672.9 0.09523069
7 364.12 1037.02 0.14676197
8 294.62 1331.64 0.18845739
9 189.23 1520.87 0.21523771
10 111.77 1632.64 0.23105576
11 60.94 1693.58 0.23968015
12 31.4 1724.98 0.24412403
13 14.1 1739.08 0.24611942
14 6.24 1745.32 0.2470025
15 2.78 1748.1 0.24739594
16 1.08 1749.18 0.24754883
17 0.59 1749.77 0.24763233
18 0.26 1750.03 0.24766912
19 0.13 1750.16 0.2476875
20 0.03 1750.19 0.24769175
21 0.01 1750.2 0.24769317
22 0 1750.2 0.24769317
