0 1 1 0.000142
1 5.75 6.75 0.0009554
2 17.76 24.51 0.00346879
3 50.28 74.79 0.01058449
4 130.22 205.01 0.02901361
5 259.62 464.63 0.06575578
6 372.91 837.54 0.11853098
7 368.41 1205.95 0.17066942
8 266.69 1472.64 0.20841212
9 154.27 1626.91 0.23024483
10 77.79 1704.7 0.24125392
11 35.69 1740.39 0.24630485
12 16.11 1756.5 0.24858476
13 7.27 1763.77 0.24961361
14 3.13 1766.9 0.25005664
15 1.4 1768.3 0.25025478
16 0.5 1768.8 0.25032551
17 0.25 1769.05 0.25036087
18 0.13 1769.18 0.25037926
19 0.03 1769.21 0.25038351
