0 1 1 0.000142
1 6.1 7.1 0.00100487
2 15.77 22.87 0.00323662
3 39.97 62.84 0.0088933
4 99.92 162.76 0.02303426
5 216.39 379.15 0.05365835
6 347.57 726.72 0.10284744
7 386.31 1113.03 0.15751908
8 306.5 1419.53 0.20089581
9 185.77 1605.3 0.22718656
10 97.49 1702.79 0.2409836
11 47.07 1749.86 0.24764502
12 20.68 1770.54 0.25057171
13 8.94 1779.48 0.25183697
14 4.09 1783.57 0.2524158
15 1.92 1785.49 0.2526875
16 0.67 1786.16 0.25278231
17 0.35 1786.51 0.25283184
18 0.1 1786.61 0.25284597
19 0.08 1786.69 0.25285729
20 0.02 1786.71 0.25286012
21 0.02 1786.73 0.25286295
22 0.02 1786.75 0.25286578
23 0 1786.75 0.25286578
