0 1 1 0.000142
1 3.93 4.93 0.00069786
2 11.11 16.04 0.00227006
3 34.8 50.84 0.00719498
4 90.31 141.15 0.0199759
5 198.63 339.78 0.04808663
6 321.14 660.92 0.0935352
7 369.56 1030.48 0.14583637
8 298.46 1328.94 0.18807528
9 189.84 1518.78 0.21494196
10 108.12 1626.9 0.23024342
11 56.73 1683.63 0.23827202
12 27.28 1710.91 0.2421327
13 12.17 1723.08 0.24385509
14 5.42 1728.5 0.24462212
15 2.43 1730.93 0.24496605
16 1.03 1731.96 0.2451118
17 0.48 1732.44 0.24517973
18 0.08 1732.52 0.24519107
19 0.02 1732.54 0.24519389
20 0 1732.54 0.24519389
