0 1 1 0.000142
1 4.17 5.17 0.0007318
2 12.85 18.02 0.00255023
3 38.08 56.1 0.00793942
4 100.01 156.11 0.02209314
5 213.79 369.9 0.05234927
6 340.81 710.71 0.10058171
7 367.98 1078.69 0.15265921
8 290.38 1369.07 0.19375462
9 177.94 1547.01 0.21893717
10 92.18 1639.19 0.23198272
11 43 1682.19 0.23806822
12 19.89 1702.08 0.24088314
13 8.57 1710.65 0.24209597
14 3.82 1714.47 0.24263659
15 1.6 1716.07 0.24286303
16 0.82 1716.89 0.24297911
17 0.43 1717.32 0.24303996
18 0.21 1717.53 0.24306968
19 0.12 1717.65 0.24308668
20 0.1 1717.75 0.24310082
21 0 1717.75 0.24310082
22 0.01 1717.76 0.24310224
