0 1 1 0.000142
1 6.55 7.55 0.0010686
2 16.06 23.61 0.0033414
3 44.96 68.57 0.00970418
4 113.67 182.24 0.02579112
5 233.04 415.28 0.05877154
6 348.09 763.37 0.10803424
7 363.16 1126.53 0.15942966
8 277.38 1403.91 0.1986853
9 169.36 1573.27 0.22265357
10 88.89 1662.16 0.23523356
11 43.24 1705.4 0.24135295
12 19.57 1724.97 0.24412257
13 7.63 1732.6 0.24520238
14 2.88 1735.48 0.24560996
15 1.45 1736.93 0.24581516
16 0.49 1737.42 0.24588451
17 0.26 1737.68 0.24592131
18 0.17 1737.85 0.24594537
19 0.03 1737.88 0.24594963
20 0 1737.88 0.24594963
