0 1 1 0.000142
1 4.56 5.56 0.00078699
2 12.97 18.53 0.00262244
3 39.65 58.18 0.00823379
4 100.39 158.57 0.02244125
5 212.26 370.83 0.05248087
6 331.71 702.54 0.0994254
7 365.62 1068.16 0.15116898
8 292.99 1361.15 0.19263372
9 191.96 1553.11 0.21980045
10 105.66 1658.77 0.23475374
11 51.91 1710.68 0.2421002
12 24.48 1735.16 0.2455647
13 10.4 1745.56 0.24703652
14 5.16 1750.72 0.24776678
15 1.88 1752.6 0.24803284
16 0.96 1753.56 0.24816868
17 0.42 1753.98 0.24822815
18 0.22 1754.2 0.24825929
19 0.09 1754.29 0.24827202
20 0.03 1754.32 0.24827626
21 0 1754.32 0.24827626
