0 1 1 0.000142
1 3.61 4.61 0.0006526
2 12.02 16.63 0.00235358
3 32.95 49.58 0.00701674
4 88.35 137.93 0.01952023
5 189.5 327.43 0.0463388
6 301.82 629.25 0.08905324
7 347.55 976.8 0.13823945
8 284.12 1260.92 0.1784489
9 182.22 1443.14 0.20423719
10 102.62 1545.76 0.21876028
11 55.69 1601.45 0.22664172
12 28.07 1629.52 0.23061417
13 13.08 1642.6 0.23246536
14 5.95 1648.55 0.23330743
15 2.7 1651.25 0.23368949
16 1.18 1652.43 0.23385653
17 0.44 1652.87 0.23391876
18 0.18 1653.05 0.23394422
19 0.03 1653.08 0.23394846
20 0.01 1653.09 0.23394988
