0 1 1 0.000142
1 5.19 6.19 0.00087614
2 12.39 18.58 0.00262949
3 34.86 53.44 0.007563
4 87.6 141.04 0.01996039
5 189.59 330.63 0.04679169
6 314.14 644.77 0.09124966
7 366.11 1010.88 0.14306253
8 304.96 1315.84 0.18622133
9 197.19 1513.03 0.21412821
10 108.47 1621.5 0.22947916
11 52.83 1674.33 0.23695587
12 26.37 1700.7 0.2406878
13 14.42 1715.12 0.24272854
14 8.8 1723.92 0.24397393
15 4.56 1728.48 0.24461929
16 2.23 1730.71 0.24493491
17 1.17 1731.88 0.24510049
18 0.4 1732.28 0.24515711
19 0.13 1732.41 0.24517551
20 0.03 1732.44 0.24517976
21 0 1732.44 0.24517976
