0 1 1 0.000142
1 3.32 4.32 0.00061155
2 10.9 15.22 0.00215402
3 29.97 45.19 0.00639548
4 79.98 125.17 0.01771445
5 175.23 300.4 0.04251345
6 284.84 585.24 0.08282482
7 336.25 921.49 0.13041188
8 294.28 1215.77 0.17205913
9 201.33 1417.1 0.20055199
10 116.61 1533.71 0.21705493
11 59.51 1593.22 0.22547691
12 27.83 1621.05 0.22941553
13 12.84 1633.89 0.23123268
14 6.02 1639.91 0.23208467
15 2.45 1642.36 0.23243137
16 1.12 1643.48 0.23258991
17 0.42 1643.9 0.23264939
18 0.28 1644.18 0.23268899
19 0.18 1644.36 0.23271447
20 0.04 1644.4 0.23272012
21 0.01 1644.41 0.23272154
22 0.03 1644.44 0.23272578
23 0.03 1644.47 0.23273003
24 0.01 1644.48 0.23273144
