0 1 1 0.000142
1 4.45 5.45 0.00077145
2 14.28 19.73 0.00279225
3 34.65 54.38 0.00769601
4 88.89 143.27 0.02027599
5 187.91 331.18 0.04686949
6 311.2 642.38 0.09091143
7 358.09 1000.47 0.1415893
8 300.56 1301.03 0.18412542
9 203.14 1504.17 0.21287433
10 119.29 1623.46 0.22975659
11 68.96 1692.42 0.23951599
12 37.6 1730.02 0.24483727
13 18.46 1748.48 0.24744977
14 9.13 1757.61 0.24874187
15 3.83 1761.44 0.24928391
16 1.68 1763.12 0.24952172
17 0.62 1763.74 0.24960947
18 0.22 1763.96 0.24964059
19 0.15 1764.11 0.24966182
20 0.06 1764.17 0.24967033
21 0 1764.17 0.24967033
