0 1 1 0.000142
1 6.37 7.37 0.00104316
2 19.54 26.91 0.00380842
3 51.68 78.59 0.01112231
4 128.71 207.3 0.02933764
5 258.07 465.37 0.06586043
6 369.98 835.35 0.11822109
7 362.5 1197.85 0.16952307
8 251.07 1448.92 0.20505515
9 140.92 1589.84 0.22499858
10 69.11 1658.95 0.23477919
11 32.12 1691.07 0.23932494
12 14.77 1705.84 0.24141522
13 6.27 1712.11 0.24230261
14 2.8 1714.91 0.24269888
15 1.18 1716.09 0.24286587
16 0.46 1716.55 0.242931
17 0.22 1716.77 0.24296212
18 0.16 1716.93 0.24298477
19 0.02 1716.95 0.2429876
20 0.01 1716.96 0.24298901
