0 1 1 0.000142
1 2.88 3.88 0.00054928
2 5.33 9.21 0.00130351
3 13.39 22.6 0.00319848
4 36.89 59.49 0.00841925
5 87.37 146.86 0.02078412
6 166.05 312.91 0.04428391
7 236.75 549.66 0.07778947
8 259.54 809.2 0.11452024
9 219.7 1028.9 0.1456129
10 151.23 1180.13 0.16701536
11 90.04 1270.17 0.17975808
12 46.45 1316.62 0.18633183
13 21.89 1338.51 0.18942972
14 9.78 1348.29 0.19081385
15 4.31 1352.6 0.1914238
16 1.78 1354.38 0.19167564
17 0.75 1355.13 0.19178181
18 0.2 1355.33 0.19181014
19 0.09 1355.42 0.19182287
20 0.03 1355.45 0.19182712
21 0 1355.45 0.19182712
