0 1 1 0.000142
1 4.53 5.53 0.00078273
2 7.63 13.16 0.00186244
3 16.51 29.67 0.00419895
4 41.19 70.86 0.01002832
5 96.22 167.08 0.02364564
6 191.76 358.84 0.05078405
7 285.06 643.9 0.0911265
8 321.45 965.35 0.13661903
9 269.56 1234.91 0.17476794
10 184.77 1419.68 0.20091702
11 115.12 1534.8 0.21720916
12 67.5 1602.3 0.22676201
13 34.65 1636.95 0.23166569
14 16.67 1653.62 0.23402489
15 7.44 1661.06 0.23507784
16 2.92 1663.98 0.23549108
17 1.44 1665.42 0.23569487
18 0.71 1666.13 0.23579538
19 0.25 1666.38 0.23583077
20 0.11 1666.49 0.23584633
21 0.04 1666.53 0.235852
22 0.01 1666.54 0.23585342
