0 1 1 0.000142
1 3.57 4.57 0.00064691
2 8.28 12.85 0.00181859
3 21.1 33.95 0.00480474
4 52.9 86.85 0.01229127
5 117.02 203.87 0.02885224
6 217.97 421.84 0.05969998
7 300.77 722.61 0.10226578
8 296.98 1019.59 0.14429525
9 234.73 1254.32 0.17751487
10 153.93 1408.25 0.1992995
11 86.56 1494.81 0.2115497
12 42.82 1537.63 0.21760966
13 19.11 1556.74 0.22031422
14 8.76 1565.5 0.22155393
15 4.09 1569.59 0.22213277
16 1.75 1571.34 0.22238046
17 0.75 1572.09 0.22248661
18 0.38 1572.47 0.22254042
19 0.19 1572.66 0.22256731
20 0.04 1572.7 0.22257296
21 0.03 1572.73 0.22257721
22 0.01 1572.74 0.22257862
23 0 1572.74 0.22257862
