0 1 1 0.000142
1 3.34 4.34 0.00061435
2 8.56 12.9 0.00182572
3 24.64 37.54 0.00531281
4 62.81 100.35 0.0142019
5 147.61 247.96 0.03509199
6 261.96 509.92 0.0721653
7 347.5 857.42 0.12134452
8 328.34 1185.76 0.16781206
9 234.12 1419.88 0.20094545
10 138.56 1558.44 0.22055479
11 72.48 1630.92 0.23081238
12 35.44 1666.36 0.23582792
13 15.89 1682.25 0.23807674
14 7.22 1689.47 0.23909847
15 3.21 1692.68 0.23955275
16 1.42 1694.1 0.23975375
17 0.53 1694.63 0.23982874
18 0.3 1694.93 0.23987121
19 0.17 1695.1 0.23989526
20 0.07 1695.17 0.23990517
21 0.05 1695.22 0.23991226
22 0.05 1695.27 0.23991932
23 0.02 1695.29 0.23992215
