0 1 1 0.000142
1 4.73 5.73 0.00081105
2 14.7 20.43 0.00289131
3 42.56 62.99 0.00891455
4 106.65 169.64 0.02400788
5 227.03 396.67 0.05613786
6 344.47 741.14 0.10488817
7 364.76 1105.9 0.15651009
8 279.71 1385.61 0.1960954
9 170.75 1556.36 0.2202604
10 90.51 1646.87 0.23306966
11 44.13 1691 0.23931502
12 19.41 1710.41 0.24206198
13 8.67 1719.08 0.24328897
14 3.8 1722.88 0.2438268
15 1.73 1724.61 0.24407164
16 0.87 1725.48 0.24419478
17 0.37 1725.85 0.24424713
18 0.13 1725.98 0.24426554
19 0.04 1726.02 0.2442712
20 0 1726.02 0.2442712
