0 1 1 0.000142
1 3.63 4.63 0.00065542
2 7.98 12.61 0.00178464
3 23.94 36.55 0.00517271
4 63.43 99.98 0.01414949
5 145.21 245.19 0.03469997
6 262.43 507.62 0.07183977
7 338.19 845.81 0.11970142
8 311.48 1157.29 0.16378298
9 223.77 1381.06 0.1954515
10 137.1 1518.16 0.2148543
11 74.32 1592.48 0.22537224
12 36.83 1629.31 0.23058446
13 17.4 1646.71 0.23304704
14 7.68 1654.39 0.23413392
15 3.82 1658.21 0.23467453
16 1.65 1659.86 0.23490801
17 0.75 1660.61 0.23501421
18 0.33 1660.94 0.23506089
19 0.16 1661.1 0.23508355
20 0.14 1661.24 0.23510337
21 0.03 1661.27 0.23510761
22 0.02 1661.29 0.23511044
23 0.01 1661.3 0.23511186
