0 1 1 0.000142
1 3.04 4.04 0.0005719
2 10.23 14.27 0.00201951
3 29.08 43.35 0.00613509
4 76.99 120.34 0.01703092
5 168.97 289.31 0.04094396
6 279.63 568.94 0.080518
7 339.8 908.74 0.12860741
8 299.96 1208.7 0.17105863
9 206.51 1415.21 0.20028446
10 123.24 1538.45 0.21772573
11 70.14 1608.59 0.22765219
12 36.54 1645.13 0.23282339
13 17.3 1662.43 0.23527178
14 8.11 1670.54 0.23641953
15 3.59 1674.13 0.23692761
16 1.57 1675.7 0.23714973
17 0.63 1676.33 0.23723895
18 0.44 1676.77 0.23730121
19 0.2 1676.97 0.2373295
20 0.05 1677.02 0.23733658
21 0.08 1677.1 0.2373479
22 0.03 1677.13 0.23735215
23 0 1677.13 0.23735215
24 0.02 1677.15 0.23735498
