0 1 1 0.000142
1 5.79 6.79 0.000961
2 16.33 23.12 0.00327202
3 49.95 73.07 0.01034107
4 120.95 194.02 0.02745826
5 253.94 447.96 0.06339657
6 373.93 821.89 0.1163162
7 372.14 1194.03 0.16898249
8 261.91 1455.94 0.20604863
9 152.06 1608 0.22756866
10 75.8 1683.8 0.23829604
11 34.99 1718.79 0.24324797
12 15.69 1734.48 0.2454684
13 7.38 1741.86 0.2465129
14 3.47 1745.33 0.24700395
15 1.48 1746.81 0.24721341
16 0.82 1747.63 0.24732945
17 0.33 1747.96 0.24737615
18 0.11 1748.07 0.24739172
19 0.06 1748.13 0.24740022
20 0.02 1748.15 0.24740304
21 0.01 1748.16 0.24740446
22 0.01 1748.17 0.24740587
23 0.02 1748.19 0.2474087
24 0 1748.19 0.2474087
