0 1 1 0.000142
1 4.06 5.06 0.00071627
2 13.94 19 0.00268894
3 38.39 57.39 0.00812201
4 101.67 159.06 0.02251065
5 216.74 375.8 0.05318427
6 339.09 714.89 0.10117325
7 366.27 1081.16 0.1530088
8 290.02 1371.18 0.19405325
9 181.61 1552.79 0.21975511
10 98.54 1651.33 0.23370086
11 49.22 1700.55 0.24066658
12 24.44 1724.99 0.24412538
13 12.47 1737.46 0.24589022
14 7.22 1744.68 0.24691197
15 3.35 1748.03 0.24738607
16 1.79 1749.82 0.24763938
17 0.71 1750.53 0.24773987
18 0.28 1750.81 0.24777949
19 0.13 1750.94 0.2477979
20 0.04 1750.98 0.24780356
21 0.03 1751.01 0.2478078
22 0 1751.01 0.2478078
