0 1 1 0.000142
1 12.91 13.91 0.00196849
2 30.76 44.67 0.00632186
3 91.67 136.34 0.01929522
4 205.48 341.82 0.0483753
5 353.9 695.72 0.0984602
6 410.5 1106.22 0.15655538
7 321.57 1427.79 0.20206485
8 191.32 1619.11 0.22914091
9 94.78 1713.89 0.24255449
10 43.01 1756.9 0.24864138
11 18.59 1775.49 0.25127234
12 8.01 1783.5 0.25240588
13 3.61 1787.11 0.25291672
14 1.75 1788.86 0.25316446
15 0.76 1789.62 0.25327201
16 0.3 1789.92 0.2533145
17 0.18 1790.1 0.25333995
18 0.04 1790.14 0.25334562
19 0.01 1790.15 0.25334704
20 0 1790.15 0.25334704
