0 1 1 0.000142
1 5.01 6.01 0.00085071
2 12.18 18.19 0.00257428
3 33.39 51.58 0.00729979
4 87.37 138.95 0.01966457
5 188.82 327.77 0.04638691
6 313.9 641.67 0.09081093
7 367.49 1009.16 0.14281911
8 306.41 1315.57 0.18618317
9 203.43 1519 0.21497311
10 118.24 1637.24 0.23170671
11 61.19 1698.43 0.24036652
12 29.78 1728.21 0.24458114
13 13.3 1741.51 0.24646334
14 5.63 1747.14 0.24726015
15 2.33 1749.47 0.24758992
16 1.16 1750.63 0.24775408
17 0.39 1751.02 0.24780926
18 0.15 1751.17 0.24783048
19 0.03 1751.2 0.24783471
20 0.03 1751.23 0.24783896
21 0 1751.23 0.24783896
