0 1 1 0.000142
1 5.77 6.77 0.00095818
2 15.63 22.4 0.00317013
3 43.7 66.1 0.00935472
4 108.71 174.81 0.02473965
5 225.61 400.42 0.05666858
6 335.35 735.77 0.10412825
7 348.8 1084.57 0.15349139
8 263.32 1347.89 0.19075715
9 159.95 1507.84 0.21339371
10 87.11 1594.95 0.2257218
11 43.28 1638.23 0.23184686
12 21.86 1660.09 0.23494059
13 10.86 1670.95 0.23647755
14 5.08 1676.03 0.23719644
15 2.07 1678.1 0.23748938
16 0.77 1678.87 0.23759837
17 0.41 1679.28 0.23765637
18 0.28 1679.56 0.23769599
19 0.06 1679.62 0.23770448
20 0.01 1679.63 0.2377059
21 0.01 1679.64 0.23770731
22 0.01 1679.65 0.23770873
23 0 1679.65 0.23770873
