0 1 1 0.000142
1 3.45 4.45 0.00062992
2 10.85 15.3 0.0021654
3 29.57 44.87 0.00635023
4 77.37 122.24 0.01729977
5 168.07 290.31 0.04108548
6 284.43 574.74 0.08133886
7 338.86 913.6 0.12929521
8 293.24 1206.84 0.17079542
9 201.89 1408.73 0.19936745
10 118.38 1527.11 0.21612092
11 62.86 1589.97 0.22501701
12 30.84 1620.81 0.22938158
13 14.19 1635 0.23138983
14 6.44 1641.44 0.23230119
15 2.92 1644.36 0.23271442
16 1.27 1645.63 0.23289415
17 0.59 1646.22 0.23297763
18 0.32 1646.54 0.23302294
19 0.12 1646.66 0.23303992
20 0.07 1646.73 0.23304983
21 0.03 1646.76 0.23305408
