0 1 1 0.000142
1 5.85 6.85 0.00096956
2 15.63 22.48 0.00318145
3 46.02 68.5 0.00969427
4 115.17 183.67 0.02599349
5 234.73 418.4 0.05921313
6 345.51 763.91 0.10811063
7 353.13 1117.04 0.1580866
8 270.44 1387.48 0.19636005
9 169.84 1557.32 0.22039628
10 88.87 1646.19 0.23297338
11 41.58 1687.77 0.2388579
12 19.12 1706.89 0.24156388
13 8.47 1715.36 0.24276248
14 3.68 1719.04 0.24328329
15 1.59 1720.63 0.2435083
16 0.95 1721.58 0.2436428
17 0.47 1722.05 0.2437093
18 0.12 1722.17 0.24372631
19 0.03 1722.2 0.24373055
20 0 1722.2 0.24373055
