0 1 1 0.000142
1 7.29 8.29 0.00117331
2 17.36 25.65 0.00363009
3 47.09 72.74 0.01029434
4 120.7 193.44 0.0273762
5 247.26 440.7 0.06236908
6 366.45 807.15 0.11423016
7 380.29 1187.44 0.16804979
8 279.24 1466.68 0.20756859
9 166.01 1632.69 0.23106281
10 84.81 1717.5 0.2430654
11 41.18 1758.68 0.24889324
12 18.15 1776.83 0.25146189
13 7.85 1784.68 0.25257292
14 3.57 1788.25 0.25307813
15 1.48 1789.73 0.2532876
16 0.56 1790.29 0.25336686
17 0.28 1790.57 0.25340651
18 0.1 1790.67 0.25342064
19 0.05 1790.72 0.25342772
20 0.01 1790.73 0.25342914
21 0.01 1790.74 0.25343055
