0 1 1 0.000142
1 8.26 9.26 0.00131057
2 24.1 33.36 0.00472118
3 64.63 97.99 0.01386779
4 154.87 252.86 0.03578547
5 298.83 551.69 0.07807668
6 399.53 951.22 0.13461931
7 367.03 1318.25 0.18656239
8 238.21 1556.46 0.22027459
9 126.74 1683.2 0.23821114
10 60.33 1743.53 0.24674923
11 25.34 1768.87 0.25033544
12 10.83 1779.7 0.25186808
13 4.45 1784.15 0.25249789
14 1.72 1785.87 0.25274129
15 0.67 1786.54 0.25283614
16 0.34 1786.88 0.25288426
17 0.28 1787.16 0.25292389
18 0.08 1787.24 0.25293521
19 0.07 1787.31 0.25294511
20 0.02 1787.33 0.25294794
21 0.01 1787.34 0.25294935
22 0.04 1787.38 0.25295501
23 0.01 1787.39 0.25295643
