0 1 1 0.000142
1 7.14 8.14 0.00115206
2 15.68 23.82 0.00337113
3 45.05 68.87 0.00974671
4 109.26 178.13 0.0252095
5 230.36 408.49 0.05781068
6 354.37 762.86 0.10796207
7 373.74 1136.6 0.16085484
8 286.8 1423.4 0.20144351
9 170.71 1594.11 0.2256029
10 85.19 1679.3 0.23765918
11 40.43 1719.73 0.24338091
12 18.21 1737.94 0.24595815
13 8.03 1745.97 0.2470945
14 3.77 1749.74 0.24762806
15 1.62 1751.36 0.24785734
16 0.73 1752.09 0.24796066
17 0.36 1752.45 0.2480116
18 0.14 1752.59 0.24803142
19 0.09 1752.68 0.24804415
20 0.06 1752.74 0.24805264
21 0 1752.74 0.24805264
