0 1 1 0.000142
1 6.35 7.35 0.00104031
2 16.46 23.81 0.00336964
3 43.92 67.73 0.00958532
4 110.3 178.03 0.0251953
5 227.52 405.55 0.0573946
6 349.57 755.12 0.10686673
7 374.27 1129.39 0.1598344
8 291.97 1421.36 0.20115475
9 177.44 1598.8 0.22626664
10 92.09 1690.89 0.23929949
11 44.16 1735.05 0.2455491
12 19.95 1755 0.24837248
13 9.47 1764.47 0.24971275
14 3.9 1768.37 0.25026461
15 1.87 1770.24 0.25052931
16 0.75 1770.99 0.25063546
17 0.41 1771.4 0.2506935
18 0.15 1771.55 0.25071471
19 0.08 1771.63 0.25072604
20 0.04 1771.67 0.25073169
21 0.07 1771.74 0.2507416
22 0.03 1771.77 0.25074584
23 0 1771.77 0.25074584
24 0.01 1771.78 0.25074726
25 0.01 1771.79 0.25074867
