0 1 1 0.000142
1 4.36 5.36 0.00075867
2 10.56 15.92 0.00225307
3 28.92 44.84 0.00634591
4 75.3 120.14 0.01700259
5 167.48 287.62 0.04070475
6 290.5 578.12 0.08181713
7 356.24 934.36 0.13223328
8 316.1 1250.46 0.17696861
9 227.43 1477.89 0.20915513
10 142.05 1619.94 0.22925845
11 78.82 1698.76 0.24041329
12 38 1736.76 0.2457911
13 18.05 1754.81 0.24834559
14 8.26 1763.07 0.24951458
15 3.52 1766.59 0.25001277
16 1.42 1768.01 0.25021373
17 0.51 1768.52 0.25028594
18 0.28 1768.8 0.25032554
19 0.11 1768.91 0.25034111
20 0.02 1768.93 0.25034394
21 0.02 1768.95 0.25034677
22 0.01 1768.96 0.25034819
23 0 1768.96 0.25034819
