0 1 1 0.000142
1 3.3 4.3 0.00060874
2 8.23 12.53 0.00177328
3 22.92 35.45 0.005017
4 60.47 95.92 0.01357486
5 137.8 233.72 0.0330767
6 248.83 482.55 0.06829182
7 328.83 811.38 0.11482876
8 316.3 1127.68 0.15959241
9 232.2 1359.88 0.192454
10 138.2 1498.08 0.21201245
11 73.47 1571.55 0.22241011
12 35.54 1607.09 0.22743989
13 15.84 1622.93 0.22968159
14 6.89 1629.82 0.23065671
15 3.33 1633.15 0.23112796
16 1.4 1634.55 0.23132606
17 0.63 1635.18 0.23141526
18 0.31 1635.49 0.23145912
19 0.1 1635.59 0.23147326
20 0.01 1635.6 0.23147467
21 0.01 1635.61 0.23147609
