0 1 1 0.000142
1 3.37 4.37 0.00061861
2 10.36 14.73 0.00208465
3 32.09 46.82 0.0066261
4 86.14 132.96 0.01881686
5 192.97 325.93 0.04612647
6 315.45 641.38 0.0907699
7 369.9 1011.28 0.14311912
8 310.49 1321.77 0.18706059
9 205.45 1527.22 0.2161364
10 119.65 1646.87 0.23306963
11 63.33 1710.2 0.24203223
12 30.78 1740.98 0.24638836
13 14.64 1755.62 0.24846025
14 6.8 1762.42 0.24942257
15 3.37 1765.79 0.24989951
16 1.54 1767.33 0.25011743
17 0.82 1768.15 0.25023353
18 0.32 1768.47 0.25027878
19 0.24 1768.71 0.25031274
20 0.05 1768.76 0.25031983
21 0.06 1768.82 0.25032832
22 0.02 1768.84 0.25033115
