0 1 1 0.000142
1 6.96 7.96 0.00112661
2 14.77 22.73 0.00321683
3 46.09 68.82 0.00973962
4 114.01 182.83 0.02587459
5 237.52 420.35 0.05948913
6 358.29 778.64 0.11019532
7 376.31 1154.95 0.16345176
8 286.86 1441.81 0.20404897
9 168.28 1610.09 0.2278644
10 85.13 1695.22 0.2399123
11 40.07 1735.29 0.24558307
12 17.65 1752.94 0.24808096
13 8.32 1761.26 0.2492584
14 3.19 1764.45 0.24970988
15 1.41 1765.86 0.24990945
16 0.61 1766.47 0.24999581
17 0.24 1766.71 0.25002976
18 0.05 1766.76 0.25003685
19 0.03 1766.79 0.2500411
20 0.02 1766.81 0.25004393
21 0 1766.81 0.25004393
