0 1 1 0.000142
1 6.12 7.12 0.00100772
2 14.91 22.03 0.00311776
3 45.75 67.78 0.00959243
4 113.67 181.45 0.02567932
5 239.66 421.11 0.05959669
6 358.43 779.54 0.11032265
7 380.08 1159.62 0.16411259
8 289.34 1448.96 0.20506085
9 173.31 1622.27 0.22958815
10 89.57 1711.84 0.24226434
11 42.23 1754.07 0.24824085
12 18.19 1772.26 0.25081521
13 7.85 1780.11 0.25192617
14 3.26 1783.37 0.25238749
15 1.43 1784.8 0.25258988
16 0.64 1785.44 0.25268047
17 0.3 1785.74 0.25272291
18 0.09 1785.83 0.25273565
19 0 1785.83 0.25273565
20 0.03 1785.86 0.2527399
