0 1 1 0.000142
1 3.34 4.34 0.00061431
2 11.81 16.15 0.00228563
3 32.88 49.03 0.00693892
4 85.83 134.86 0.01908572
5 190.68 325.54 0.04607127
6 314.31 639.85 0.09055335
7 352.4 992.25 0.140426
8 289.84 1282.09 0.18144493
9 181.78 1463.87 0.20717106
10 95.13 1559 0.22063402
11 46.73 1605.73 0.22724746
12 22.47 1628.2 0.2304274
13 9.22 1637.42 0.23173225
14 4.32 1641.74 0.23234369
15 2.05 1643.79 0.23263377
16 0.91 1644.7 0.23276255
17 0.36 1645.06 0.23281349
18 0.15 1645.21 0.23283473
19 0.05 1645.26 0.23284179
20 0.02 1645.28 0.23284462
21 0.01 1645.29 0.23284604
22 0.02 1645.31 0.23284887
