0 1 1 0.000142
1 9.43 10.43 0.0014761
2 20.72 31.15 0.00440843
3 56.1 87.25 0.0123479
4 134.42 221.67 0.03137134
5 269.16 490.83 0.06946367
6 377.26 868.09 0.12285458
7 369.75 1237.84 0.17518258
8 261.72 1499.56 0.21222196
9 147.48 1647.04 0.23309371
10 74.4 1721.44 0.24362301
11 35.02 1756.46 0.24857906
12 15.77 1772.23 0.25081098
13 7.69 1779.92 0.25189926
14 3.72 1783.64 0.2524257
15 1.43 1785.07 0.25262807
16 0.73 1785.8 0.25273137
17 0.29 1786.09 0.2527724
18 0.16 1786.25 0.25279504
19 0.07 1786.32 0.25280495
20 0.02 1786.34 0.25280777
21 0.01 1786.35 0.25280919
22 0.02 1786.37 0.25281202
23 0.03 1786.4 0.25281626
24 0.01 1786.41 0.25281768
25 0 1786.41 0.25281768
