0 1 1 0.000142
1 4.28 5.28 0.00074739
2 8.49 13.77 0.00194879
3 22.44 36.21 0.00512455
4 56.15 92.36 0.01307109
5 129.16 221.52 0.03135004
6 239.16 460.68 0.06519671
7 328.27 788.95 0.11165444
8 324.5 1113.45 0.15757852
9 241.75 1355.2 0.19179164
10 151.81 1507.01 0.21327626
11 86.65 1593.66 0.22553924
12 44.94 1638.6 0.23189924
13 22.67 1661.27 0.23510753
14 9.7 1670.97 0.23648032
15 4.19 1675.16 0.23707334
16 1.85 1677.01 0.23733515
17 0.77 1677.78 0.23744415
18 0.32 1678.1 0.23748944
19 0.21 1678.31 0.23751916
20 0.07 1678.38 0.23752906
21 0.02 1678.4 0.23753189
22 0 1678.4 0.23753189
