0 1 1 0.000142
1 3.8 4.8 0.00067939
2 13.09 17.89 0.00253189
3 35.98 53.87 0.00762381
4 94.66 148.53 0.02102042
5 195.73 344.26 0.04872065
6 310.35 654.61 0.09264228
7 354.93 1009.54 0.14287292
8 302.93 1312.47 0.18574442
9 209.51 1521.98 0.21539477
10 120.92 1642.9 0.23250778
11 61.61 1704.51 0.241227
12 28.47 1732.98 0.24525614
13 13.12 1746.1 0.24711289
14 5.35 1751.45 0.24787008
15 2.34 1753.79 0.24820122
16 1.17 1754.96 0.24836682
17 0.55 1755.51 0.24844469
18 0.17 1755.68 0.24846873
19 0.1 1755.78 0.24848288
20 0.02 1755.8 0.24848571
21 0.03 1755.83 0.24848996
22 0 1755.83 0.24848996
