0 1 1 0.000142
1 3.67 4.67 0.00066107
2 11.3 15.97 0.00226017
3 31.31 47.28 0.00669122
4 81.11 128.39 0.01817009
5 175.31 303.7 0.04298046
6 289.33 593.03 0.08392726
7 336.67 929.7 0.13157374
8 296.58 1226.28 0.17354657
9 209.97 1436.25 0.20326212
10 127.52 1563.77 0.22130905
11 67.51 1631.28 0.23086329
12 32.94 1664.22 0.23552511
13 14.56 1678.78 0.23758569
14 6.65 1685.43 0.23852675
15 2.87 1688.3 0.23893296
16 1.32 1689.62 0.23911971
17 0.48 1690.1 0.23918764
18 0.15 1690.25 0.23920887
19 0.04 1690.29 0.23921452
20 0.02 1690.31 0.23921736
