0 1 1 0.000142
1 7 8 0.00113227
2 20.12 28.12 0.00397959
3 56.51 84.63 0.01197703
4 133.16 217.79 0.03082224
5 258.61 476.4 0.06742147
6 370.45 846.85 0.11984855
7 370.07 1216.92 0.17222193
8 268.2 1485.12 0.21017831
9 155.27 1640.39 0.23215259
10 77.86 1718.25 0.24317154
11 36.44 1754.69 0.24832858
12 16.34 1771.03 0.25064112
13 7.46 1778.49 0.25169692
14 3.01 1781.5 0.2521229
15 1.42 1782.92 0.25232384
16 0.71 1783.63 0.25242429
17 0.35 1783.98 0.25247381
18 0.12 1784.1 0.25249079
19 0.06 1784.16 0.25249929
20 0.06 1784.22 0.25250777
21 0.01 1784.23 0.25250919
22 0.02 1784.25 0.25251202
