0 1 1 0.000142
1 5.19 6.19 0.00087611
2 15.87 22.06 0.00312205
3 44.28 66.34 0.00938863
4 109.27 175.61 0.02485278
5 224.09 399.7 0.05656662
6 345.49 745.19 0.10546139
7 369.55 1114.74 0.15776116
8 286.13 1400.87 0.19825503
9 175.95 1576.82 0.22315593
10 92.34 1669.16 0.23622417
11 44.5 1713.66 0.24252189
12 20.58 1734.24 0.24543447
13 9.78 1744.02 0.2468186
14 3.83 1747.85 0.24736062
15 1.8 1749.65 0.24761537
16 0.77 1750.42 0.24772431
17 0.35 1750.77 0.24777384
18 0.15 1750.92 0.24779508
19 0.1 1751.02 0.24780923
20 0.03 1751.05 0.24781349
21 0.05 1751.1 0.24782056
22 0.01 1751.11 0.24782198
23 0.01 1751.12 0.24782339
