0 1 1 0.000142
1 4.87 5.87 0.00083084
2 14.21 20.08 0.0028418
3 39.3 59.38 0.00840364
4 97.14 156.52 0.02215113
5 204.65 361.17 0.05111381
6 330.61 691.78 0.09790269
7 379.94 1071.72 0.15167284
8 306.19 1377.91 0.19500565
9 192.13 1570.04 0.22219644
10 104.8 1674.84 0.237028
11 52.43 1727.27 0.24444808
12 23.54 1750.81 0.24777949
13 11.62 1762.43 0.24942396
14 4.13 1766.56 0.25000845
15 1.95 1768.51 0.25028446
16 0.81 1769.32 0.25039908
17 0.36 1769.68 0.25045005
18 0.13 1769.81 0.25046845
19 0.04 1769.85 0.25047411
20 0 1769.85 0.25047411
