0 1 1 0.000142
1 3.12 4.12 0.00058321
2 10.36 14.48 0.0020493
3 27.63 42.11 0.00595955
4 73.07 115.18 0.0163006
5 161.1 276.28 0.03909992
6 269.4 545.68 0.07722619
7 334 879.68 0.12449479
8 305.42 1185.1 0.1677187
9 212.22 1397.32 0.19775262
10 121.34 1518.66 0.21492498
11 63.26 1581.92 0.22387775
12 32.68 1614.6 0.22850275
13 19.16 1633.76 0.23121428
14 12.11 1645.87 0.23292817
15 7.57 1653.44 0.23399946
16 4.28 1657.72 0.23460515
17 1.57 1659.29 0.23482736
18 0.7 1659.99 0.23492643
19 0.25 1660.24 0.23496182
20 0.2 1660.44 0.23499013
21 0.09 1660.53 0.23500287
22 0.01 1660.54 0.23500429
