0 1 1 0.000142
1 4.17 5.17 0.00073178
2 14.11 19.28 0.00272858
3 38.91 58.19 0.00823519
4 100.02 158.21 0.02239037
5 208.46 366.67 0.05189214
6 327.63 694.3 0.09825929
7 360.47 1054.77 0.14927398
8 290.74 1345.51 0.19042038
9 181.17 1526.68 0.21605998
10 96.57 1623.25 0.22972685
11 48.22 1671.47 0.23655111
12 22.91 1694.38 0.23979337
13 9.76 1704.14 0.24117463
14 4.47 1708.61 0.24180724
15 1.92 1710.53 0.242079
16 1.09 1711.62 0.24223327
17 0.36 1711.98 0.24228422
18 0.13 1712.11 0.24230261
19 0.08 1712.19 0.24231394
20 0.01 1712.2 0.24231536
21 0.01 1712.21 0.24231677
22 0 1712.21 0.24231677
