0 1 1 0.000142
1 4.82 5.82 0.00082377
2 13.66 19.48 0.00275692
3 42.8 62.28 0.00881403
4 106.58 168.86 0.02389755
5 223.72 392.58 0.05555897
6 345.84 738.42 0.10450325
7 364.2 1102.62 0.15604585
8 283.65 1386.27 0.19618877
9 175.34 1561.61 0.22100337
10 96.05 1657.66 0.23459666
11 48.27 1705.93 0.24142792
12 22.56 1728.49 0.24462073
13 10.01 1738.5 0.24603736
14 4.2 1742.7 0.24663176
15 2.01 1744.71 0.24691619
16 0.83 1745.54 0.24703369
17 0.33 1745.87 0.24708039
18 0.08 1745.95 0.24709172
19 0.09 1746.04 0.24710446
20 0.01 1746.05 0.24710588
21 0.01 1746.06 0.24710729
22 0.03 1746.09 0.24711154
23 0.01 1746.1 0.24711295
24 0.01 1746.11 0.24711437
