0 1 1 0.000142
1 3.8 4.8 0.000679469999999999
2 11.33 16.13 0.00228278
3 30.77 46.9 0.00663744
4 84.3 131.2 0.01856785
5 188.48 319.68 0.04524193
6 315.76 635.44 0.08992922
7 375.61 1011.05 0.14308662
8 319.49 1330.54 0.18830172
9 205.46 1536 0.21737897
10 107.44 1643.44 0.23258423
11 49.59 1693.03 0.23960234
12 22.45 1715.48 0.24277952
13 9.78 1725.26 0.24416361
14 4.23 1729.49 0.24476222
15 2.19 1731.68 0.24507221
16 0.88 1732.56 0.24519671
17 0.41 1732.97 0.24525476
18 0.17 1733.14 0.24527882
19 0.12 1733.26 0.24529581
20 0.04 1733.3 0.24530148
21 0 1733.3 0.24530148
