0 1 1 0.000142
1 2.97 3.97 0.00056198
2 8.95 12.92 0.00182855
3 25.41 38.33 0.00542464
4 69.18 107.51 0.01521516
5 158.4 265.91 0.03763236
6 268.25 534.16 0.07559583
7 318.68 852.84 0.12069633
8 275.07 1127.91 0.15962493
9 188.05 1315.96 0.18623837
10 116.84 1432.8 0.20277386
11 68.96 1501.76 0.21253325
12 38.67 1540.43 0.21800596
13 18.17 1558.6 0.22057745
14 8.76 1567.36 0.22181717
15 3.95 1571.31 0.22237621
16 1.76 1573.07 0.22262524
17 0.78 1573.85 0.22273564
18 0.37 1574.22 0.22278803
19 0.12 1574.34 0.222805
20 0.07 1574.41 0.22281491
21 0.03 1574.44 0.22281916
22 0.01 1574.45 0.22282057
23 0 1574.45 0.22282057
