0 1 1 0.000142
1 6.28 7.28 0.00103041
2 19.75 27.03 0.00382541
3 51.49 78.52 0.0111124
4 127.18 205.7 0.02911123
5 257.47 463.17 0.06554911
6 376.27 839.44 0.11879992
7 372.05 1211.49 0.17145343
8 271.4 1482.89 0.20986273
9 159.15 1642.04 0.23238613
10 78.57 1720.61 0.24350555
11 36.61 1757.22 0.24868672
12 16.06 1773.28 0.25095953
13 7.25 1780.53 0.25198555
14 3.04 1783.57 0.25241579
15 1.16 1784.73 0.25257995
16 0.48 1785.21 0.25264786
17 0.16 1785.37 0.25267048
18 0.05 1785.42 0.25267756
19 0.03 1785.45 0.25268181
20 0 1785.45 0.25268181
