0 1 1 0.000142
1 2.89 3.89 0.00055069
2 6.91 10.8 0.00152852
3 18.14 28.94 0.0040957
4 46.7 75.64 0.01070479
5 111.68 187.32 0.02651011
6 200.38 387.7 0.0548684
7 272.49 660.19 0.09343199
8 280.06 940.25 0.13306682
9 226.68 1166.93 0.16514721
10 159.64 1326.57 0.18773988
11 98.33 1424.9 0.20165591
12 55.94 1480.84 0.20957267
13 28.22 1509.06 0.21356643
14 13.13 1522.19 0.21542457
15 6.48 1528.67 0.21634168
16 3.14 1531.81 0.21678606
17 1.56 1533.37 0.21700686
18 0.78 1534.15 0.21711726
19 0.31 1534.46 0.21716111
20 0.06 1534.52 0.21716961
21 0.03 1534.55 0.21717385
22 0.05 1534.6 0.21718093
23 0 1534.6 0.21718093
