0 1 1 0.000142
1 5.49 6.49 0.00091862
2 16.26 22.75 0.00321964
3 44.92 67.67 0.00957684
4 109.45 177.12 0.0250665
5 225.92 403.04 0.05703936
6 333.71 736.75 0.1042669
7 348.9 1085.65 0.15364423
8 270.73 1356.38 0.19195867
9 176.06 1532.44 0.21687522
10 99.94 1632.38 0.23101894
11 51.34 1683.72 0.23828471
12 24.92 1708.64 0.24181154
13 11.89 1720.53 0.24349419
14 5.44 1725.97 0.24426408
15 2.37 1728.34 0.24459946
16 1.03 1729.37 0.24474522
17 0.53 1729.9 0.24482025
18 0.14 1730.04 0.24484007
19 0.06 1730.1 0.24484856
20 0.01 1730.11 0.24484998
21 0.01 1730.12 0.24485139
