0 1 1 0.000142
1 3.99 4.99 0.00070632
2 9.91 14.9 0.00210873
3 31.18 46.08 0.00652138
4 81.96 128.04 0.01812058
5 185.48 313.52 0.04437023
6 316.67 630.19 0.08918625
7 372.27 1002.46 0.14187097
8 305.94 1308.4 0.18516837
9 197.12 1505.52 0.21306533
10 106.44 1611.96 0.22812907
11 53.44 1665.4 0.235692
12 26.81 1692.21 0.23948629
13 13.24 1705.45 0.24136004
14 5.73 1711.18 0.24217096
15 2.41 1713.59 0.242512
16 1.14 1714.73 0.24267336
17 0.59 1715.32 0.24275686
18 0.38 1715.7 0.24281065
19 0.22 1715.92 0.24284177
20 0.06 1715.98 0.24285026
21 0.02 1716 0.24285309
22 0 1716 0.24285309
