0 1 1 0.000142
1 3.3 4.3 0.00060866
2 10.85 15.15 0.0021441
3 30.41 45.56 0.00644782
4 78.31 123.87 0.01753044
5 173.68 297.55 0.04211012
6 292.19 589.74 0.08346169
7 346.6 936.34 0.13251343
8 297.92 1234.26 0.17467593
9 197.52 1431.78 0.20262941
10 111 1542.78 0.21833848
11 55.56 1598.34 0.2262016
12 26.56 1624.9 0.22996037
13 11.83 1636.73 0.23163464
14 5.51 1642.24 0.23241441
15 2.31 1644.55 0.23274132
16 1.16 1645.71 0.23290549
17 0.42 1646.13 0.23296492
18 0.18 1646.31 0.23299042
19 0.11 1646.42 0.23300599
20 0.02 1646.44 0.23300881
21 0 1646.44 0.23300881
