0 1 1 0.000142
1 3.48 4.48 0.00063413
2 10.99 15.47 0.0021894
3 29.95 45.42 0.00642804
4 81.29 126.71 0.01793235
5 174.46 301.17 0.04262247
6 284.58 585.75 0.08289691
7 340.36 926.11 0.13106566
8 295.98 1222.09 0.17295358
9 202.47 1424.56 0.20160764
10 112.89 1537.45 0.21758418
11 55.8 1593.25 0.2254812
12 25.8 1619.05 0.22913242
13 11.52 1630.57 0.23076283
14 5.18 1635.75 0.23149591
15 2.16 1637.91 0.23180163
16 1.05 1638.96 0.2319502
17 0.34 1639.3 0.23199833
18 0.11 1639.41 0.2320139
19 0.05 1639.46 0.23202098
20 0 1639.46 0.23202098
