0 1 1 0.000142
1 5.4 6.4 0.00090581
2 15.13 21.53 0.00304701
3 45.46 66.99 0.00948058
4 114.23 181.22 0.02564678
5 243.35 424.57 0.06008636
6 361.4 785.97 0.11123265
7 371.8 1157.77 0.16385083
8 275.04 1432.81 0.20277528
9 164.9 1597.71 0.22611237
10 87.94 1685.65 0.2385579
11 44.22 1729.87 0.24481604
12 22.23 1752.1 0.24796208
13 11.22 1763.32 0.24954996
14 5.48 1768.8 0.25032546
15 2.54 1771.34 0.25068493
16 1.17 1772.51 0.25085051
17 0.53 1773.04 0.25092551
18 0.18 1773.22 0.250951
19 0.07 1773.29 0.25096091
20 0.02 1773.31 0.25096373
21 0.01 1773.32 0.25096515
