0 1 1 0.000142
1 6.88 7.88 0.0011153
2 15.69 23.57 0.0033357
3 41.27 64.84 0.00917635
4 101.7 166.54 0.02356924
5 214.94 381.48 0.05398809
6 340.77 722.25 0.10221482
7 380.84 1103.09 0.15611239
8 301.25 1404.34 0.19874611
9 188.18 1592.52 0.22537785
10 102.1 1694.62 0.23982731
11 52.68 1747.3 0.24728276
12 24.85 1772.15 0.25079957
13 10.41 1782.56 0.25227285
14 4.58 1787.14 0.25292097
15 2 1789.14 0.25320408
16 0.99 1790.13 0.25334414
17 0.35 1790.48 0.25339367
18 0.12 1790.6 0.25341065
19 0.02 1790.62 0.25341348
20 0 1790.62 0.25341348
