0 1 1 0.000142
1 3.43 4.43 0.00062707
2 8.14 12.57 0.001779
3 23.88 36.45 0.00515854
4 64.32 100.77 0.01426127
5 149.26 250.03 0.03538499
6 267.97 518 0.07330885
7 339.76 857.76 0.12139262
8 315.29 1173.05 0.16601333
9 225.27 1398.32 0.19789414
10 136.69 1535.01 0.2172389
11 74.2 1609.21 0.22773991
12 37.31 1646.52 0.23302008
13 17.08 1663.6 0.23543735
14 7.26 1670.86 0.23646476
15 3.38 1674.24 0.23694313
16 1.41 1675.65 0.23714268
17 0.47 1676.12 0.23720923
18 0.18 1676.3 0.23723468
19 0.1 1676.4 0.23724882
20 0.01 1676.41 0.23725024
21 0.01 1676.42 0.23725165
