0 1 1 0.000142
1 8.31 9.31 0.00131761
2 17.76 27.07 0.00383102
3 49.26 76.33 0.01080245
4 115.43 191.76 0.02713839
5 238.4 430.16 0.06087739
6 354.09 784.25 0.11098925
7 367.65 1151.9 0.16302008
8 277.38 1429.28 0.20227568
9 164.77 1594.05 0.22559436
10 84.27 1678.32 0.23752053
11 39.19 1717.51 0.2430668
12 17.5 1735.01 0.2455435
13 8.11 1743.12 0.24669119
14 3.42 1746.54 0.24717519
15 1.58 1748.12 0.24739883
16 0.74 1748.86 0.24750353
17 0.4 1749.26 0.24756017
18 0.19 1749.45 0.24758704
19 0.06 1749.51 0.24759553
20 0.01 1749.52 0.24759695
