0 1 1 0.000142
1 3.2 4.2 0.000594489999999999
2 9.52 13.72 0.00194173
3 26.7 40.42 0.00572041
4 67.19 107.61 0.01522924
5 147.85 255.46 0.03615342
6 255.05 510.51 0.07224879
7 318.94 829.45 0.11738609
8 295.72 1125.17 0.1592372
9 213.38 1338.55 0.18943535
10 128.02 1466.57 0.20755309
11 69.99 1536.56 0.21745825
12 35.18 1571.74 0.22243702
13 17.21 1588.95 0.22487259
14 8.27 1597.22 0.22604306
15 4.22 1601.44 0.22664028
16 1.71 1603.15 0.22688226
17 0.8 1603.95 0.22699548
18 0.43 1604.38 0.22705633
19 0.2 1604.58 0.22708465
20 0.02 1604.6 0.22708748
21 0.02 1604.62 0.22709031
22 0.03 1604.65 0.22709455
23 0.01 1604.66 0.22709597
