0 1 1 0.000142
1 3.27 4.27 0.00060447
2 9.04 13.31 0.00188367
3 23.44 36.75 0.00520096
4 61.98 98.73 0.01397256
5 143.2 241.93 0.03423861
6 262.41 504.34 0.07137568
7 351.09 855.43 0.1210629
8 333.22 1188.65 0.16822104
9 235.77 1424.42 0.20158793
10 136.71 1561.13 0.22093551
11 73.09 1634.22 0.23127935
12 37.13 1671.35 0.23653415
13 17.45 1688.8 0.23900367
14 7.82 1696.62 0.24011041
15 3.71 1700.33 0.24063543
16 1.6 1701.93 0.24086191
17 0.68 1702.61 0.24095813
18 0.25 1702.86 0.2409935
19 0.14 1703 0.24101331
20 0.06 1703.06 0.24102181
21 0.01 1703.07 0.24102322
22 0.01 1703.08 0.24102464
