0 1 1 0.000142
1 3.77 4.77 0.00067524
2 10.58 15.35 0.00217243
3 25.71 41.06 0.00581098
4 68.05 109.11 0.01544155
5 151.05 260.16 0.03681864
6 264.26 524.42 0.07421744
7 328.72 853.14 0.12073874
8 309.94 1163.08 0.16460234
9 226.76 1389.84 0.19669406
10 138.62 1528.46 0.21631191
11 77.1 1605.56 0.22722335
12 39.6 1645.16 0.23282766
13 20.79 1665.95 0.23576992
14 10.63 1676.58 0.23727434
15 5.71 1682.29 0.23808245
16 2.76 1685.05 0.23847306
17 1.08 1686.13 0.23862587
18 0.55 1686.68 0.23870373
19 0.19 1686.87 0.23873061
20 0.12 1686.99 0.23874759
21 0.09 1687.08 0.23876033
22 0.02 1687.1 0.23876316
