0 1 1 0.000142
1 3.96 4.96 0.00070207
2 10.75 15.71 0.00222337
3 29.12 44.83 0.00634454
4 73.09 117.92 0.01668842
5 164.96 282.88 0.04003397
6 281.65 564.53 0.07989392
7 344.03 908.56 0.12858196
8 301.95 1210.51 0.17131477
9 204.85 1415.36 0.20030575
10 115.69 1531.05 0.21667845
11 59.8 1590.85 0.22514155
12 29.51 1620.36 0.22931789
13 13.2 1633.56 0.23118598
14 5.98 1639.54 0.23203232
15 2.37 1641.91 0.23236773
16 0.89 1642.8 0.23249366
17 0.49 1643.29 0.23256304
18 0.24 1643.53 0.23259699
19 0.05 1643.58 0.23260406
20 0.05 1643.63 0.23261114
21 0.02 1643.65 0.23261397
