0 1 1 0.000142
1 4.36 5.36 0.00075869
2 12.54 17.9 0.00253326
3 37.28 55.18 0.00780925
4 98.4 153.58 0.0217351
5 213.61 367.19 0.0519657
6 340.65 707.84 0.10017551
7 379.47 1087.31 0.15387916
8 301.42 1388.73 0.19653691
9 183.88 1572.61 0.22256015
10 100.56 1673.17 0.23679169
11 49.83 1723 0.24384374
12 23.35 1746.35 0.24714836
13 10.85 1757.2 0.24868385
14 4.41 1761.61 0.24930793
15 1.77 1763.38 0.24955844
16 0.62 1764 0.2496462
17 0.26 1764.26 0.24968295
18 0.06 1764.32 0.24969145
19 0.02 1764.34 0.24969428
20 0.02 1764.36 0.24969711
21 0.03 1764.39 0.24970136
22 0.01 1764.4 0.24970277
23 0 1764.4 0.24970277
