0 1 1 0.000142
1 4.91 5.91 0.000836519999999999
2 13.6 19.51 0.00276111
3 37.69 57.2 0.00809513
4 97.37 154.57 0.02187515
5 208.19 362.76 0.05133879
6 324.97 687.73 0.0973295
7 362.25 1049.98 0.14859612
8 289.55 1339.53 0.18957402
9 187.05 1526.58 0.21604588
10 101.36 1627.94 0.23039063
11 56.73 1684.67 0.23841914
12 31.91 1716.58 0.24293519
13 17.39 1733.97 0.24539628
14 9.34 1743.31 0.24671805
15 4.7 1748.01 0.24738324
16 2.36 1750.37 0.24771723
17 0.96 1751.33 0.24785308
18 0.46 1751.79 0.24791821
19 0.26 1752.05 0.24795501
20 0.09 1752.14 0.24796774
21 0.03 1752.17 0.24797199
22 0.01 1752.18 0.2479734
23 0.01 1752.19 0.24797482
