0 1 1 0.000142
1 4.94 5.94 0.00084072
2 13.3 19.24 0.00272291
3 36.14 55.38 0.00783752
4 98.82 154.2 0.02182281
5 206.28 360.48 0.05101614
6 330.96 691.44 0.09785454
7 375.96 1067.4 0.1510614
8 308.09 1375.49 0.19466315
9 196.36 1571.85 0.2224526
10 109.39 1681.24 0.2379337
11 54.92 1736.16 0.24570622
12 25.48 1761.64 0.2493122
13 11.05 1772.69 0.25087605
14 4.95 1777.64 0.25157655
15 2.4 1780.04 0.2519162
16 1.04 1781.08 0.25206342
17 0.46 1781.54 0.25212849
18 0.19 1781.73 0.25215537
19 0.06 1781.79 0.25216385
20 0.03 1781.82 0.25216809
21 0 1781.82 0.25216809
