0 1 1 0.000142
1 4.27 5.27 0.00074596
2 13.76 19.03 0.00269316
3 35.09 54.12 0.00765924
4 89.67 143.79 0.02034953
5 190.37 334.16 0.04729127
6 306.37 640.53 0.0906496
7 353.66 994.19 0.14070052
8 296.02 1290.21 0.18259415
9 199.7 1489.91 0.21085621
10 110.43 1600.34 0.22648459
11 55.97 1656.31 0.23440564
12 25.88 1682.19 0.23806826
13 11.65 1693.84 0.23971696
14 4.85 1698.69 0.24040337
15 2.17 1700.86 0.24071046
16 0.76 1701.62 0.24081805
17 0.44 1702.06 0.24088032
18 0.14 1702.2 0.24090013
19 0.08 1702.28 0.24091146
20 0.01 1702.29 0.24091288
