0 1 1 0.000142
1 5.4 6.4 0.00090587
2 13.12 19.52 0.00276256
3 37.42 56.94 0.0080583
4 95.6 152.54 0.0215879
5 204.82 357.36 0.05057457
6 333.43 690.79 0.0977625599999999
7 379.27 1070.06 0.15143788
8 306.21 1376.27 0.19477359
9 187.81 1564.08 0.221353
10 101.59 1665.67 0.23573019
11 53.9 1719.57 0.24335835
12 24.69 1744.26 0.24685253
13 11.63 1755.89 0.24849841
14 5.26 1761.15 0.24924288
15 2.14 1763.29 0.2495457
16 1.19 1764.48 0.24971412
17 0.68 1765.16 0.24981038
18 0.2 1765.36 0.24983867
19 0.07 1765.43 0.24984857
20 0.06 1765.49 0.24985706
21 0 1765.49 0.24985706
