0 1 1 0.000142
1 5.15 6.15 0.00087051
2 17.27 23.42 0.00331445
3 46.43 69.85 0.0098854
4 121.29 191.14 0.02705066
5 244.16 435.3 0.06160489
6 355.28 790.58 0.11188504
7 359.53 1150.11 0.16276677
8 264.21 1414.32 0.20015848
9 158.73 1573.05 0.22262241
10 83.11 1656.16 0.23438436
11 40.09 1696.25 0.24005802
12 18.25 1714.5 0.2426408
13 8.22 1722.72 0.24380409
14 3.95 1726.67 0.24436315
15 1.71 1728.38 0.24460513
16 0.57 1728.95 0.24468576
17 0.24 1729.19 0.24471974
18 0.09 1729.28 0.24473248
19 0.01 1729.29 0.2447339
20 0.01 1729.3 0.24473531
21 0 1729.3 0.24473531
