0 1 1 0.000142
1 4.69 5.69 0.0008054
2 14.88 20.57 0.00291114
3 40.86 61.43 0.00869371
4 100.99 162.42 0.02298614
5 212.48 374.9 0.05305687
6 323.82 698.72 0.09888474
7 352.81 1051.53 0.14881544
8 286.65 1338.18 0.18938295
9 191.67 1529.85 0.21650862
10 109.8 1639.65 0.23204785
11 57.44 1697.09 0.24017689
12 27.52 1724.61 0.24407161
13 13.17 1737.78 0.24593551
14 6.45 1744.23 0.24684833
15 2.68 1746.91 0.24722756
16 1.27 1748.18 0.24740725
17 0.46 1748.64 0.24747239
18 0.21 1748.85 0.2475021
19 0.14 1748.99 0.24752192
20 0.06 1749.05 0.24753041
21 0 1749.05 0.24753041
