0 1 1 0.000142
1 3.81 4.81 0.00068089
2 10.2 15.01 0.00212426
3 30.16 45.17 0.00639264
4 79.5 124.67 0.01764365
5 175.35 300.02 0.04245967
6 297.88 597.9 0.08461652
7 360.87 958.77 0.13568785
8 319.94 1278.71 0.18096663
9 212.61 1491.32 0.21105577
10 115.03 1606.35 0.22733514
11 56.38 1662.73 0.2353142
12 26.44 1689.17 0.23905609
13 11.67 1700.84 0.24070757
14 5.52 1706.36 0.24148884
15 2.42 1708.78 0.24183133
16 1.12 1709.9 0.24198983
17 0.52 1710.42 0.24206341
18 0.23 1710.65 0.24209595
19 0.05 1710.7 0.24210304
20 0.01 1710.71 0.24210445
21 0 1710.71 0.24210445
