0 1 1 0.000142
1 3.72 4.72 0.00066813
2 9.3 14.02 0.00198418
3 23.3 37.32 0.0052817
4 61.68 99 0.01401078
5 139.9 238.9 0.03380983
6 247.61 486.51 0.06885231
7 316.09 802.6 0.11358621
8 295.53 1098.13 0.15541041
9 212.08 1310.21 0.1854246
10 133.71 1443.92 0.20434762
11 77.48 1521.4 0.21531276
12 43.98 1565.38 0.22153696
13 24.53 1589.91 0.22500852
14 12.1 1602.01 0.22672097
15 5.56 1607.57 0.22750785
16 2.31 1609.88 0.22783472
17 1.04 1610.92 0.22798192
18 0.35 1611.27 0.22803141
19 0.17 1611.44 0.2280555
20 0.05 1611.49 0.22806258
21 0 1611.49 0.22806258
