0 1 1 0.000142
1 3.88 4.88 0.00069077
2 12.39 17.27 0.00244414
3 36.16 53.43 0.00756159
4 90.1 143.53 0.02031282
5 190.83 334.36 0.04731955
6 309.51 643.87 0.0911223
7 343.19 987.06 0.13969153
8 279.06 1266.12 0.17918486
9 178.45 1444.57 0.20443955
10 95.39 1539.96 0.21793945
11 44.48 1584.44 0.22423438
12 20.38 1604.82 0.22711864
13 9.51 1614.33 0.22846445
14 3.91 1618.24 0.22901783
15 1.89 1620.13 0.22928532
16 0.79 1620.92 0.22939714
17 0.45 1621.37 0.22946085
18 0.25 1621.62 0.22949622
19 0.07 1621.69 0.22950613
20 0.06 1621.75 0.22951462
21 0.03 1621.78 0.22951887
22 0.02 1621.8 0.2295217
