0 1 1 0.000142
1 3.33 4.33 0.00061294
2 10.64 14.97 0.00211863
3 30.13 45.1 0.0063827
4 79.27 124.37 0.01760123
5 177 301.37 0.04265076
6 302.97 604.34 0.08552789
7 363.14 967.48 0.13692049
8 311.94 1279.42 0.18106714
9 206.15 1485.57 0.21024199
10 113.46 1599.03 0.22629919
11 53.54 1652.57 0.23387632
12 24.95 1677.52 0.23740736
13 10.89 1688.41 0.2389485
14 4.63 1693.04 0.23960373
15 2.19 1695.23 0.23991366
16 0.88 1696.11 0.24003822
17 0.41 1696.52 0.24009624
18 0.08 1696.6 0.24010757
19 0.05 1696.65 0.24011465
20 0.03 1696.68 0.2401189
21 0.01 1696.69 0.24012031
22 0.01 1696.7 0.24012173
23 0 1696.7 0.24012173
