0 1 1 0.000142
1 3.01 4.01 0.00056767
2 6.55 10.56 0.00149455
3 18.75 29.31 0.00414805
4 50.42 79.73 0.01128364
5 115.37 195.1 0.02761112
6 213.77 408.87 0.05786445
7 293.96 702.83 0.09946645
8 297.54 1000.37 0.14157523
9 228.98 1229.35 0.17398103
10 144.2 1373.55 0.19438861
11 83.15 1456.7 0.20615628
12 42.88 1499.58 0.21222471
13 21.17 1520.75 0.21522077
14 9.36 1530.11 0.2165455
15 4.7 1534.81 0.21721056
16 2.05 1536.86 0.21750075
17 1.05 1537.91 0.21764935
18 0.37 1538.28 0.21770167
19 0.2 1538.48 0.21772998
20 0.06 1538.54 0.21773847
21 0.04 1538.58 0.21774412
22 0.04 1538.62 0.21774978
23 0.01 1538.63 0.2177512
24 0.02 1538.65 0.21775403
25 0.01 1538.66 0.21775544
26 0 1538.66 0.21775544
