0 1 1 0.000142
1 2.91 3.91 0.00055355
2 5.91 9.82 0.00138982
3 19.39 29.21 0.00413394
4 48.96 78.17 0.01106286
5 121.55 199.72 0.02826498
6 236.23 435.95 0.06169689
7 333.68 769.63 0.10892019
8 333.8 1103.43 0.1561605
9 253.13 1356.56 0.19198414
10 150.86 1507.42 0.21333432
11 80.71 1588.13 0.22475662
12 41.4 1629.53 0.23061565
13 19.54 1649.07 0.23338101
14 9.15 1658.22 0.23467594
15 4.89 1663.11 0.23536799
16 2.16 1665.27 0.23567368
17 1.11 1666.38 0.23583074
18 0.35 1666.73 0.23588029
19 0.2 1666.93 0.23590858
20 0.11 1667.04 0.23592415
21 0.02 1667.06 0.23592698
