0 1 1 0.000142
1 4.79 5.79 0.00081954
2 13.35 19.14 0.00270877
3 38.85 57.99 0.00820695
4 99.92 157.91 0.02234785
5 218.08 375.99 0.05321113
6 345.06 721.05 0.10204498
7 383.82 1104.87 0.15636426
8 304.08 1408.95 0.19939855
9 186.53 1595.48 0.22579682
10 99.62 1695.1 0.23989526
11 48.57 1743.67 0.24676898
12 21.44 1765.11 0.24980329
13 9.33 1774.44 0.2511237
14 4.02 1778.46 0.25169263
15 1.86 1780.32 0.25195587
16 0.96 1781.28 0.25209176
17 0.49 1781.77 0.25216111
18 0.24 1782.01 0.25219506
19 0.11 1782.12 0.25221064
20 0.05 1782.17 0.25221772
21 0.01 1782.18 0.25221913
22 0.02 1782.2 0.25222196
23 0.02 1782.22 0.2522248
24 0 1782.22 0.2522248
