0 1 1 0.000142
1 5.95 6.95 0.000983649999999999
2 16.45 23.4 0.00331165
3 43.54 66.94 0.00947354
4 111.27 178.21 0.02522078
5 227.64 405.85 0.05743703
6 344.05 749.9 0.10612793
7 364.94 1114.84 0.15777531
8 282.21 1397.05 0.19771439
9 177.6 1574.65 0.22284884
10 98.61 1673.26 0.23680444
11 49.98 1723.24 0.24387774
12 24.22 1747.46 0.24730542
13 10.48 1757.94 0.24878861
14 4.74 1762.68 0.24945939
15 2 1764.68 0.24974241
16 0.99 1765.67 0.24988251
17 0.42 1766.09 0.24994194
18 0.17 1766.26 0.24996603
19 0.09 1766.35 0.24997876
20 0 1766.35 0.24997876
