0 1 1 0.000142
1 4.15 5.15 0.00072898
2 11.83 16.98 0.00240304
3 30.1 47.08 0.00666286
4 81.02 128.1 0.01812907
5 175.18 303.28 0.04292104
6 290.17 593.45 0.08398672
7 343.3 936.75 0.13257147
8 301.37 1238.12 0.17522223
9 204.92 1443.04 0.20422307
10 115.71 1558.75 0.22059862
11 61.1 1619.85 0.22924568
12 29.89 1649.74 0.2334758
13 13.19 1662.93 0.23534249
14 5.48 1668.41 0.23611804
15 2.62 1671.03 0.23648887
16 1.25 1672.28 0.23666576
17 0.57 1672.85 0.23674645
18 0.27 1673.12 0.23678467
19 0.22 1673.34 0.23681579
20 0.13 1673.47 0.23683419
21 0.07 1673.54 0.23684411
22 0.03 1673.57 0.23684835
23 0.04 1673.61 0.23685402
24 0.01 1673.62 0.23685543
25 0.02 1673.64 0.23685826
