0 1 1 0.000142
1 4.07 5.07 0.00071767
2 11.85 16.92 0.00239459
3 32.24 49.16 0.00695727
4 84.96 134.12 0.01898109
5 185.08 319.2 0.04517407
6 297.51 616.71 0.08727853
7 350.65 967.36 0.13690354
8 300.84 1268.2 0.17947924
9 195.39 1463.59 0.20713135
10 104.32 1567.91 0.22189498
11 51.91 1619.82 0.22924145
12 26.71 1646.53 0.23302154
13 13.41 1659.94 0.23491932
14 6.9 1666.84 0.23589584
15 3.26 1670.1 0.23635725
16 1.33 1671.43 0.23654544
17 0.63 1672.06 0.23663464
18 0.41 1672.47 0.23669263
19 0.12 1672.59 0.23670963
20 0.05 1672.64 0.2367167
21 0.02 1672.66 0.23671953
22 0 1672.66 0.23671953
