0 1 1 0.000142
1 2.82 3.82 0.00054081
2 7.44 11.26 0.00159361
3 18.1 29.36 0.00415516
4 48.01 77.37 0.01094965
5 110.59 187.96 0.02660067
6 198.93 386.89 0.05475378
7 267.93 654.82 0.09267199
8 268.11 922.93 0.13061566
9 217.59 1140.52 0.16140963
10 145.87 1286.39 0.18205358
11 84.84 1371.23 0.19406036
12 42.53 1413.76 0.20007932
13 19.27 1433.03 0.20280642
14 8.88 1441.91 0.20406317
15 3.88 1445.79 0.20461227
16 1.59 1447.38 0.20483731
17 0.59 1447.97 0.2049208
18 0.26 1448.23 0.20495759
19 0.09 1448.32 0.20497033
20 0.03 1448.35 0.20497458
21 0.01 1448.36 0.20497599
22 0.01 1448.37 0.2049774
