0 1 1 0.000142
1 6.76 7.76 0.00109832
2 16.26 24.02 0.00339938
3 47.3 71.32 0.01009346
4 112.63 183.95 0.02603306
5 241.08 425.03 0.0601514
6 366.75 791.78 0.11205492
7 381.68 1173.46 0.16607132
8 281.41 1454.87 0.20589726
9 162.84 1617.71 0.22894284
10 81.55 1699.26 0.24048404
11 37.16 1736.42 0.24574295
12 16.44 1752.86 0.24806963
13 7.08 1759.94 0.2490716
14 2.81 1762.75 0.24946927
15 1.62 1764.37 0.24969854
16 0.52 1764.89 0.24977214
17 0.29 1765.18 0.24981319
18 0.16 1765.34 0.24983583
19 0.09 1765.43 0.24984857
20 0.01 1765.44 0.24984999
21 0.03 1765.47 0.24985424
22 0.02 1765.49 0.24985707
23 0.01 1765.5 0.24985848
24 0 1765.5 0.24985848
