0 1 1 0.000142
1 5.06 6.06 0.0008578
2 13.26 19.32 0.00273425
3 36.03 55.35 0.00783328
4 91.14 146.49 0.02073167
5 195.42 341.91 0.04838807
6 314.77 656.68 0.09293517
7 349.78 1006.46 0.1424371
8 287.6 1294.06 0.18313898
9 194.39 1488.45 0.21064959
10 116.57 1605.02 0.22714692
11 64.2 1669.22 0.23623271
12 36.22 1705.44 0.24135859
13 18.51 1723.95 0.24397823
14 8.98 1732.93 0.24524907
15 4.08 1737.01 0.24582657
16 1.62 1738.63 0.24605581
17 0.82 1739.45 0.24617189
18 0.41 1739.86 0.24622989
19 0.22 1740.08 0.24626102
20 0.08 1740.16 0.24627233
21 0.04 1740.2 0.246278
22 0 1740.2 0.246278
