0 1 1 0.000142
1 13.63 14.63 0.00207043
2 33.91 48.54 0.00686955
3 97.97 146.51 0.02073454
4 215.31 361.82 0.05120576
5 364.98 726.8 0.10285876
6 410.82 1137.62 0.16099914
7 311.31 1448.93 0.20505661
8 178.15 1627.08 0.2302689
9 88.37 1715.45 0.24277527
10 39.95 1755.4 0.24842909
11 18.04 1773.44 0.25098221
12 8.18 1781.62 0.25213982
13 3.79 1785.41 0.25267619
14 1.56 1786.97 0.25289695
15 0.62 1787.59 0.25298471
16 0.3 1787.89 0.25302717
17 0.14 1788.03 0.253047
18 0.05 1788.08 0.25305407
19 0.01 1788.09 0.25305549
