0 1 1 0.000142
1 4.08 5.08 0.00071913
2 10.37 15.45 0.00218659
3 28.3 43.75 0.00619165
4 70.46 114.21 0.01616333
5 159 273.21 0.03866544
6 275.21 548.42 0.07761388
7 354.69 903.11 0.12781067
8 327.62 1230.73 0.17417637
9 231 1461.73 0.20686809
10 136.44 1598.17 0.22617754
11 71.06 1669.23 0.23623411
12 36.63 1705.86 0.2414181
13 20.24 1726.1 0.24428251
14 10.52 1736.62 0.24577129
15 5.73 1742.35 0.24658222
16 2.49 1744.84 0.24693462
17 1.21 1746.05 0.24710588
18 0.62 1746.67 0.24719363
19 0.19 1746.86 0.24722054
20 0.09 1746.95 0.24723327
21 0.02 1746.97 0.2472361
22 0 1746.97 0.2472361
