0 1 1 0.000142
1 4.66 5.66 0.00080112
2 7.94 13.6 0.00192468
3 19.27 32.87 0.00465191
4 48.97 81.84 0.01158228
5 115.1 196.94 0.02787149
6 224.7 421.64 0.05967171
7 323.26 744.9 0.10542034
8 329.03 1073.93 0.15198558
9 243.62 1317.55 0.18646339
10 144.89 1462.44 0.20696864
11 77.76 1540.2 0.21797335
12 41.7 1581.9 0.22387495
13 21.88 1603.78 0.22697143
14 11.68 1615.46 0.22862442
15 5.1 1620.56 0.22934614
16 2.38 1622.94 0.22968298
17 1.13 1624.07 0.22984291
18 0.51 1624.58 0.22991509
19 0.27 1624.85 0.22995331
20 0.07 1624.92 0.22996321
21 0.06 1624.98 0.2299717
22 0.03 1625.01 0.22997594
23 0 1625.01 0.22997594
