0 1 1 0.000142
1 4.05 5.05 0.00071483
2 12.05 17.1 0.00242002
3 35.96 53.06 0.00750924
4 93.8 146.86 0.0207841
5 200.58 347.44 0.04917067
6 319.95 667.39 0.09445089
7 356.91 1024.3 0.14496175
8 290.95 1315.25 0.18613783
9 191.53 1506.78 0.21324374
10 109.29 1616.07 0.22871077
11 54.86 1670.93 0.23647469
12 25.77 1696.7 0.24012169
13 11.5 1708.2 0.24174924
14 5.03 1713.23 0.24246111
15 2.24 1715.47 0.24277808
16 0.91 1716.38 0.24290691
17 0.41 1716.79 0.24296493
18 0.25 1717.04 0.24300032
19 0.08 1717.12 0.24301165
20 0.06 1717.18 0.24302015
21 0.07 1717.25 0.24303006
22 0.01 1717.26 0.24303147
23 0.01 1717.27 0.24303289
24 0 1717.27 0.24303289
