0 1 1 0.000142
1 2.85 3.85 0.00054499
2 10.91 14.76 0.00208892
3 30 44.76 0.00633461
4 80.21 124.97 0.01768615
5 175.03 300 0.04245685
6 288.32 588.32 0.0832607
7 335.45 923.77 0.13073452
8 278.08 1201.85 0.17008918
9 184.92 1386.77 0.19625959
10 102.18 1488.95 0.21072041
11 51.98 1540.93 0.21807673
12 24.7 1565.63 0.22157233
13 11.62 1577.25 0.22321682
14 5.48 1582.73 0.22399236
15 2.63 1585.36 0.22436454
16 1.15 1586.51 0.22452729
17 0.57 1587.08 0.22460796
18 0.32 1587.4 0.22465323
19 0.12 1587.52 0.22467022
20 0.06 1587.58 0.22467871
21 0.03 1587.61 0.22468295
22 0.01 1587.62 0.22468436
23 0 1587.62 0.22468436
